29 
29 
13 
53 
53 
74 
77 
18 
61 
17 
35 
20 
85 
89 
32 
73 
25 
71 
84 
13 
70 
71 
71 
33 
90 
22 
57 
8 
8 
85 
11 
9 
39 
69 
99 
61 
57 
55 
68 
13 
2 
85 
87 
61 
61 
76 
5 
39 
61 
61 
74 
61 
27 
77 
100 
84 
85 
77 
32 
61 
8 
26 
61 
28 
79 
85 
61 
8 
51 
56 
66 
57 
61 
61 
56 
61 
15 
74 
22 
84 
60 
85 
42 
82 
40 
61 
100 
77 
75 
84 
85 
85 
73 
73 
64 
85 
85 
90 
55 
61 
77 
61 
22 
61 
87 
42 
65 
4 
4 
61 
85 
88 
91 
51 
61 
19 
78 
61 
51 
17 
61 
51 
87 
55 
6 
71 
61 
63 
55 
75 
35 
61 
85 
22 
66 
74 
55 
85 
90 
85 
22 
61 
75 
61 
68 
32 
7 
97 
47 
73 
48 
57 
85 
32 
83 
71 
61 
61 
85 
71 
92 
73 
73 
73 
75 
71 
24 
95 
56 
74 
16 
8 
75 
8 
55 
71 
74 
22 
17 
54 
57 
51 
60 
45 
57 
84 
55 
74 
66 
74 
74 
61 
61 
74 
74 
24 
74 
61 
85 
92 
32 
77 
85 
13 
8 
27 
57 
61 
74 
74 
61 
61 
74 
35 
4 
47 
27 
27 
57 
55 
2 
2 
85 
85 
85 
85 
85 
97 
71 
71 
57 
57 
4 
94 
95 
85 
49 
13 
87 
27 
84 
73 
35 
71 
61 
37 
60 
8 
55 
85 
85 
37 
61 
85 
74 
85 
73 
27 
72 
85 
75 
10 
75 
74 
61 
50 
66 
61 
83 
5 
98 
61 
61 
96 
75 
24 
61 
71 
61 
75 
63 
22 
72 
85 
42 
23 
55 
35 
27 
61 
61 
100 
42 
67 
66 
85 
89 
89 
87 
67 
97 
9 
85 
61 
28 
14 
72 
71 
85 
45 
92 
61 
61 
61 
77 
22 
34 
55 
85 
57 
13 
61 
52 
17 
13 
17 
74 
75 
79 
20 
3 
61 
74 
74 
74 
77 
74 
45 
55 
77 
77 
66 
59 
74 
57 
74 
74 
78 
2 
2 
65 
42 
58 
90 
90 
90 
90 
85 
85 
100 
4 
26 
57 
61 
20 
61 
85 
85 
8 
71 
93 
81 
73 
83 
10 
74 
27 
61 
61 
61 
57 
4 
9 
9 
61 
77 
61 
61 
8 
42 
9 
27 
27 
93 
61 
74 
75 
12 
38 
47 
85 
39 
61 
85 
56 
85 
22 
22 
85 
20 
57 
87 
42 
74 
41 
26 
55 
87 
17 
35 
75 
35 
61 
71 
26 
55 
61 
71 
51 
87 
89 
35 
77 
26 
74 
17 
61 
77 
61 
18 
61 
42 
69 
45 
20 
18 
83 
74 
74 
61 
61 
57 
13 
1 
27 
77 
77 
100 
61 
61 
74 
30 
74 
47 
73 
73 
77 
61 
61 
8 
100 
61 
24 
76 
85 
31 
9 
62 
27 
37 
14 
100 
77 
80 
27 
27 
35 
27 
61 
85 
46 
73 
85 
86 
73 
32 
60 
77 
61 
27 
75 
87 
22 
36 
85 
85 
100 
61 
22 
61 
100 
13 
87 
77 
22 
61 
9 
27 
27 
56 
66 
68 
83 
55 
85 
85 
39 
25 
61 
61 
61 
21 
44 
20 
9 
43 
92 
87 
43 
27 
26 
