1 314 46 747
1 2 28 747
1 232 17 747
1 448 10 747
2 314 47 390
2 1 28 390
2 317 13 390
2 96 6 390
2 499 6 390
2 127 5 390
2 193 5 390
3 321 42 68
3 238 40 68
3 232 5 68
4 5 488 1304
5 4 488 590
5 67 27 590
5 244 27 590
5 57 25 590
5 450 8 590
5 428 6 590
6 448 7148 26701
6 449 4550 26701
6 461 3193 26701
6 414 2758 26701
6 344 1951 26701
6 210 1463 26701
6 213 908 26701
6 191 858 26701
6 197 712 26701
6 177 696 26701
6 190 620 26701
6 136 509 26701
6 337 475 26701
6 170 411 26701
6 264 352 26701
6 194 296 26701
6 188 291 26701
7 315 29 269
7 418 16 269
7 294 5 269
8 468 38 338
8 446 28 338
8 127 16 338
8 36 15 338
8 279 11 338
8 472 5 338
9 363 497 3005
9 193 473 3005
9 451 459 3005
9 465 445 3005
9 437 394 3005
9 182 232 3005
10 326 3209 3209
10 324 3209 3209
11 131 502 288
11 134 37 288
11 243 37 288
11 487 27 288
11 64 7 288
12 365 5180 6570
12 410 4639 6570
12 534 453 6570
12 165 415 6570
12 330 81 6570
13 284 684 3283
13 368 199 3283
13 251 191 3283
13 409 174 3283
13 226 164 3283
13 227 156 3283
13 290 124 3283
13 250 116 3283
13 427 92 3283
13 96 66 3283
13 499 61 3283
13 505 51 3283
13 57 45 3283
13 132 42 3283
13 448 37 3283
13 356 33 3283
14 431 521 5268
14 298 495 5268
14 345 191 5268
14 333 122 5268
14 297 109 5268
14 448 83 5268
14 232 80 5268
14 231 76 5268
14 344 75 5268
15 511 60 252
15 496 26 252
15 201 17 252
15 154 15 252
15 238 14 252
15 510 11 252
15 408 6 252
16 93 4431 5167
16 499 514 5167
16 162 198 5167
16 94 195 5167
16 145 109 5167
16 428 102 5167
16 163 100 5167
16 38 81 5167
16 314 54 5167
17 528 79 426
17 530 48 426
17 529 23 426
17 363 11 426
18 229 518 3127
18 176 224 3127
18 46 117 3127
18 23 81 3127
18 308 67 3127
18 126 46 3127
18 342 46 3127
18 267 36 3127
19 90 193 323
19 186 17 323
19 80 8 323
19 232 7 323
20 321 265 1051
20 512 246 1051
20 40 242 1051
20 238 173 1051
20 325 67 1051
20 204 20 1051
21 66 154 5896
21 406 90 5896
22 229 2243 1577
22 23 162 1577
22 126 70 1577
22 251 63 1577
22 465 63 1577
22 199 62 1577
22 250 60 1577
22 230 46 1577
22 278 41 1577
22 242 37 1577
22 308 33 1577
22 176 33 1577
22 150 33 1577
22 314 30 1577
22 18 27 1577
22 284 25 1577
22 46 24 1577
22 505 16 1577
23 229 4274 13732
23 278 1330 13732
23 424 657 13732
23 176 590 13732
23 230 541 13732
23 450 309 13732
23 127 270 13732
23 242 218 13732
23 295 205 13732
23 25 197 13732
23 22 162 13732
23 126 155 13732
24 146 142 1327
24 26 18 1327
24 437 17 1327
25 356 1076 17487
25 354 493 17487
25 96 482 17487
25 314 409 17487
25 124 387 17487
25 378 368 17487
25 229 237 17487
25 403 235 17487
25 23 197 17487
25 355 189 17487
26 79 1822 3524
26 321 240 3524
26 315 238 3524
26 232 172 3524
27 232 3021 4004
27 231 861 4004
27 72 410 4004
27 452 155 4004
27 320 112 4004
27 333 112 4004
27 37 86 4004
27 181 46 4004
28 29 1198 2857
28 248 267 2857
28 172 215 2857
28 68 110 2857
28 470 57 2857
28 403 56 2857
28 344 43 2857
28 378 29 2857
29 28 1198 2620
29 248 489 2620
29 172 284 2620
29 68 139 2620
29 470 65 2620
30 251 781 1934
30 133 508 1934
30 450 201 1934
30 250 110 1934
30 198 84 1934
30 315 77 1934
30 387 33 1934
30 150 29 1934
31 348 40 2745
32 302 1765 1767
32 437 200 1767
32 535 87 1767
32 391 75 1767
32 293 45 1767
32 106 42 1767
32 83 42 1767
32 146 39 1767
32 352 34 1767
32 384 30 1767
32 229 27 1767
32 285 24 1767
32 390 22 1767
32 230 21 1767
32 517 19 1767
32 235 18 1767
33 48 44 190
33 90 38 190
33 527 21 190
34 310 81 524
34 232 67 524
34 501 14 524
34 315 14 524
34 26 10 524
34 468 10 524
35 468 324 3658
36 232 56 3920
37 72 552 6052
37 232 510 6052
37 364 455 6052
37 231 382 6052
37 320 135 6052
37 181 97 6052
37 27 86 6052
37 452 72 6052
38 129 343 4666
38 193 290 4666
38 63 203 4666
38 472 140 4666
38 339 103 4666
38 278 83 4666
38 16 81 4666
38 524 49 4666
39 522 95 1275
39 145 57 1275
39 332 41 1275
39 314 34 1275
39 450 16 1275
39 182 15 1275
39 65 14 1275
39 66 14 1275
40 512 1716 6431
40 325 1480 6431
40 321 864 6431
40 238 819 6431
40 20 242 6431
40 178 168 6431
41 221 4836 725
41 222 725 725
42 251 539 2459
42 232 103 2459
42 231 74 2459
42 25 45 2459
42 320 36 2459
42 362 31 2459
43 418 230 341
43 45 106 341
43 501 26 341
43 314 10 341
43 127 5 341
44 315 241 1127
44 232 148 1127
44 410 27 1127
44 229 24 1127
44 470 20 1127
44 388 15 1127
44 243 14 1127
44 109 13 1127
45 43 106 599
45 143 90 599
45 198 90 599
45 240 90 599
45 418 54 599
45 537 37 599
45 315 35 599
45 314 23 599
45 395 11 599
45 393 11 599
46 229 441 2133
46 18 117 2133
46 450 81 2133
46 308 71 2133
46 23 44 2133
46 127 43 2133
46 278 24 2133
46 22 24 2133
46 126 22 2133
46 451 22 2133
46 176 22 2133
47 176 37 340
47 270 34 340
48 527 400 1161
49 250 2224 9596
49 251 631 9596
49 530 468 9596
49 314 253 9596
49 525 240 9596
49 356 218 9596
49 409 217 9596
49 354 173 9596
49 450 168 9596
49 219 158 9596
49 25 138 9596
49 363 137 9596
49 96 131 9596
49 50 113 9596
49 309 96 9596
50 314 1047 14772
50 450 923 14772
50 427 900 14772
50 121 863 14772
50 63 808 14772
50 364 778 14772
50 505 776 14772
50 472 765 14772
50 290 755 14772
50 437 755 14772
50 73 736 14772
50 529 512 14772
50 284 211 14772
50 525 182 14772
50 409 148 14772
51 448 120 1020
51 449 51 1020
51 461 38 1020
51 264 28 1020
51 210 20 1020
51 177 20 1020
51 414 17 1020
51 297 16 1020
51 197 12 1020
51 333 12 1020
51 314 12 1020
52 385 316 5946
52 530 218 5946
52 314 158 5946
52 312 88 5946
52 117 71 5946
52 112 64 5946
53 455 301 670
53 206 143 670
53 393 140 670
53 540 30 670
53 289 9 670
54 315 27 150
54 341 21 150
54 209 18 150
55 511 249 333
55 360 100 333
55 507 93 333
55 87 19 333
55 292 17 333
55 482 14 333
56 241 84 1250
56 80 69 1250
56 90 61 1250
56 154 19 1250
57 115 640 12913
57 284 519 12913
57 133 408 12913
57 121 330 12913
57 223 330 12913
57 309 278 12913
57 226 259 12913
57 427 211 12913
57 450 182 12913
57 251 146 12913
58 315 127 256
58 386 68 256
58 393 30 256
59 154 10 37
59 146 9 37
60 193 140 1656
60 65 69 1656
60 192 67 1656
60 329 36 1656
60 126 28 1656
60 194 20 1656
60 403 18 1656
60 524 17 1656
61 448 703 3727
61 68 502 3727
61 177 225 3727
61 172 206 3727
61 248 195 3727
61 265 154 3727
61 197 137 3727
61 194 46 3727
61 414 45 3727
62 362 1570 7137
62 434 1168 7137
62 541 676 7137
62 127 202 7137
62 229 141 7137
63 314 1274 14729
63 472 1094 14729
63 121 858 14729
63 50 808 14729
63 427 796 14729
63 437 776 14729
63 290 775 14729
63 179 765 14729
63 73 759 14729
63 450 757 14729
63 505 753 14729
63 364 747 14729
63 273 291 14729
63 129 203 14729
63 38 203 14729
63 120 166 14729
64 305 2666 3214
64 243 114 3214
65 329 2071 1643
65 60 69 1643
65 25 51 1643
65 117 21 1643
65 427 18 1643
65 85 17 1643
66 251 828 2934
66 450 225 2934
66 133 200 2934
66 465 91 2934
66 250 43 2934
66 314 41 2934
66 198 32 2934
66 448 31 2934
67 232 206 7419
67 231 185 7419
67 219 165 7419
67 182 158 7419
67 450 153 7419
67 207 147 7419
67 428 136 7419
67 194 134 7419
67 308 120 7419
67 115 117 7419
67 333 111 7419
67 387 97 7419
67 229 86 7419
67 57 84 7419
68 448 741 7760
68 248 640 7760
68 61 502 7760
68 172 298 7760
68 177 175 7760
68 197 146 7760
68 29 139 7760
68 191 115 7760
68 28 110 7760
68 297 84 7760
69 182 271 3279
69 122 162 3279
69 119 135 3279
69 114 133 3279
69 327 65 3279
69 448 41 3279
70 169 429 428
70 182 24 428
70 374 21 428
70 2 18 428
70 348 15 428
70 124 14 428
70 114 12 428
70 187 8 428
70 115 5 428
70 309 5 428
71 244 73 1602
71 450 51 1602
71 67 35 1602
71 342 34 1602
71 16 31 1602
71 267 26 1602
71 465 24 1602
71 219 24 1602
71 176 20 1602
71 199 18 1602
71 236 18 1602
71 505 17 1602
72 232 1679 11740
72 231 1202 11740
72 37 552 11740
72 320 415 11740
72 27 410 11740
72 452 364 11740
72 181 319 11740
72 333 315 11740
72 448 312 11740
72 364 120 11740
72 344 119 11740
73 505 1326 11892
73 314 889 11892
73 208 803 11892
73 437 778 11892
73 63 759 11892
73 472 746 11892
73 364 737 11892
73 50 736 11892
73 450 721 11892
73 121 721 11892
73 290 720 11892
73 427 681 11892
73 158 171 11892
73 273 121 11892
74 208 199 2363
74 158 185 2363
74 25 116 2363
74 312 67 2363
74 229 55 2363
74 314 32 2363
74 273 28 2363
74 52 24 2363
75 169 720 3885
75 520 514 3885
75 150 85 3885
75 354 78 3885
75 356 43 3885
76 158 75 1111
76 499 42 1111
76 96 40 1111
76 314 30 1111
76 157 29 1111
76 25 27 1111
76 465 26 1111
76 273 24 1111
76 520 23 1111
76 166 18 1111
76 49 17 1111
76 229 17 1111
76 182 15 1111
76 356 15 1111
76 537 14 1111
76 450 13 1111
77 232 6 440
77 333 6 440
78 333 4731 26
78 431 6 26
79 26 1822 1260
79 219 111 1260
79 345 52 1260
79 125 15 1260
79 100 15 1260
80 90 13434 2667
80 241 542 2667
80 56 69 2667
80 232 59 2667
80 154 30 2667
81 247 125 286
81 497 69 286
81 243 10 286
81 183 10 286
81 64 7 286
81 232 6 286
82 506 537 3681
82 96 502 3681
82 505 265 3681
82 254 188 3681
82 251 128 3681
82 199 121 3681
82 224 111 3681
82 358 110 3681
82 250 108 3681
82 359 102 3681
82 450 89 3681
82 525 79 3681
82 409 46 3681
82 97 46 3681
82 16 41 3681
83 352 405 3377
83 302 368 3377
83 285 302 3377
83 106 294 3377
83 390 207 3377
83 293 150 3377
83 442 140 3377
83 517 93 3377
83 66 89 3377
83 391 45 3377
83 32 42 3377
83 535 35 3377
84 263 9 228
85 437 27 1406
85 49 22 1406
85 137 22 1406
85 465 18 1406
85 65 17 1406
85 356 16 1406
86 315 463 311
86 472 191 311
86 314 105 311
86 206 5 311
86 143 5 311
87 360 701 1629
87 292 571 1629
87 511 566 1629
87 482 217 1629
87 55 19 1629
88 315 54 220
88 527 14 220
88 48 9 220
89 275 1362 6180
89 165 373 6180
89 260 220 6180
89 410 171 6180
89 354 90 6180
90 80 13434 2516
90 241 300 2516
90 232 68 2516
90 56 61 2516
91 251 950 3631
91 250 845 3631
91 448 127 3631
91 364 85 3631
91 344 74 3631
91 414 70 3631
91 355 47 3631
91 263 37 3631
92 250 3046 3888
92 199 2206 3888
92 251 842 3888
92 91 840 3888
93 16 4431 10553
93 94 698 10553
93 400 354 10553
93 150 153 10553
94 465 789 4868
94 93 698 4868
94 150 201 4868
94 16 195 4868
94 417 74 4868
94 332 69 4868
94 400 52 4868
94 129 49 4868
95 126 25 323
95 127 19 323
96 251 6914 26835
96 199 4416 26835
96 505 2087 26835
96 250 1408 26835
96 358 974 26835
96 224 670 26835
96 506 609 26835
96 82 502 26835
96 25 482 26835
97 251 2818 1797
97 57 209 1797
97 226 207 1797
97 236 139 1797
97 199 85 1797
97 82 46 1797
97 505 46 1797
97 450 45 1797
97 229 43 1797
97 16 41 1797
97 359 29 1797
97 23 29 1797
97 250 23 1797
97 428 23 1797
97 121 21 1797
97 138 19 1797
97 50 18 1797
97 96 18 1797
98 356 158 505
98 25 73 505
98 354 59 505
98 357 29 505
98 141 26 505
98 355 10 505
98 139 8 505
98 74 8 505
98 358 7 505
98 129 7 505
99 193 902 3676
99 137 605 3676
99 145 380 3676
100 344 356 5366
100 114 278 5366
100 448 163 5366
100 191 124 5366
100 312 99 5366
100 461 93 5366
100 182 88 5366
100 472 84 5366
100 229 73 5366
100 314 73 5366
100 193 67 5366
100 190 59 5366
100 23 58 5366
101 315 112 311
101 438 109 311
101 439 37 311
101 232 8 311
101 314 6 311
101 198 5 311
102 312 49 427
102 132 28 427
102 311 28 427
102 418 15 427
102 468 11 427
102 127 8 427
102 315 7 427
102 120 7 427
102 294 6 427
102 393 6 427
102 424 6 427
102 49 6 427
103 515 105 51
103 141 15 51
103 282 12 51
103 232 6 51
103 509 6 51
103 391 5 51
104 314 1741 6031
104 315 469 6031
104 198 412 6031
104 380 321 6031
104 229 227 6031
104 329 127 6031
104 489 71 6031
105 418 350 676
105 501 93 676
105 315 26 676
105 332 19 676
105 127 16 676
105 470 14 676
105 423 9 676
105 206 7 676
105 393 7 676
106 302 419 2403
106 83 294 2403
106 390 110 2403
106 413 93 2403
106 535 57 2403
106 352 48 2403
106 32 42 2403
106 391 41 2403
106 442 40 2403
106 293 26 2403
107 351 928 4631
107 273 383 4631
107 157 94 4631
107 124 85 4631
108 516 11 19
108 109 9 19
109 516 27 398
109 206 19 398
109 531 18 398
109 127 17 398
109 470 15 398
109 44 13 398
109 241 12 398
109 154 12 398
109 240 11 398
109 321 6 398
109 143 6 398
109 382 6 398
109 418 6 398
109 397 5 398
109 315 5 398
109 496 5 398
109 238 5 398
109 388 5 398
110 312 487 3977
110 472 360 3977
110 428 328 3977
110 163 312 3977
110 314 241 3977
110 52 224 3977
110 150 172 3977
110 230 71 3977
111 525 110 1338
111 359 44 1338
111 342 28 1338
111 82 27 1338
111 251 26 1338
111 506 24 1338
111 199 21 1338
111 250 19 1338
111 138 15 1338
111 370 15 1338
112 57 96 3950
112 314 76 3950
112 230 69 3950
112 52 64 3950
113 57 50 936
113 223 14 936
114 182 3529 8432
114 119 738 8432
114 122 347 8432
114 100 278 8432
114 129 187 8432
114 429 169 8432
114 69 133 8432
114 263 112 8432
114 344 108 8432
114 403 89 8432
114 191 88 8432
115 57 640 7621
115 448 450 7621
115 133 393 7621
115 309 233 7621
115 333 224 7621
115 461 193 7621
115 344 144 7621
115 67 117 7621
115 251 107 7621
115 301 106 7621
115 364 104 7621
115 119 89 7621
116 536 98 1090
116 73 15 1090
116 354 11 1090
117 448 141 6074
117 348 118 6074
117 251 93 6074
117 403 84 6074
117 364 78 6074
117 199 73 6074
117 451 72 6074
117 52 71 6074
117 314 67 6074
118 243 22 92
118 127 10 92
118 232 9 92
118 439 8 92
118 210 8 92
118 210 5 92
119 182 1444 5910
119 114 738 5910
119 429 322 5910
119 69 135 5910
119 122 118 5910
119 115 89 5910
119 150 71 5910
120 314 386 8233
120 339 205 8233
120 63 166 8233
120 290 120 8233
120 472 115 8233
120 312 107 8233
120 50 85 8233
121 314 1069 15120
121 427 920 15120
121 50 863 15120
121 63 858 15120
121 450 854 15120
121 505 837 15120
121 472 782 15120
121 437 751 15120
121 290 750 15120
121 364 742 15120
121 73 721 15120
121 57 330 15120
121 223 242 15120
121 224 235 15120
121 284 211 15120
121 387 211 15120
121 229 156 15120
122 182 1023 3639
122 429 466 3639
122 114 347 3639
122 69 162 3639
122 119 118 3639
122 193 59 3639
122 115 40 3639
122 25 37 3639
123 418 54 119
123 421 12 119
123 63 5 119
124 187 1962 7787
124 249 634 7787
124 129 449 7787
124 25 387 7787
124 400 189 7787
124 96 166 7787
124 356 118 7787
124 354 87 7787
124 417 85 7787
124 107 85 7787
125 437 33 2060
125 229 30 2060
125 317 28 2060
125 127 27 2060
126 229 760 7660
126 427 462 7660
126 284 237 7660
126 176 207 7660
126 23 155 7660
126 127 139 7660
126 426 112 7660
127 273 2318 13594
127 448 846 13594
127 344 289 13594
127 23 270 13594
127 229 270 13594
127 333 190 13594
127 531 175 13594
127 177 169 13594
127 461 157 13594
127 295 155 13594
127 191 146 13594
127 126 139 13594
128 36 40 620
128 281 39 620
128 109 18 620
128 127 17 620
128 232 12 620
128 418 10 620
128 448 10 620
128 470 9 620
129 417 903 15199
129 124 449 15199
129 314 368 15199
129 38 343 15199
129 426 331 15199
129 187 303 15199
129 249 302 15199
129 96 262 15199
129 356 232 15199
129 400 229 15199
129 63 203 15199
129 524 190 15199
129 114 187 15199
129 182 182 15199
129 193 177 15199
129 465 160 15199
129 25 154 15199
130 49 15 32
130 397 15 32
130 418 5 32
130 143 5 32
131 11 502 52
131 243 12 52
131 487 7 52
131 420 6 52
131 134 5 52
132 311 732 7733
132 499 447 7733
132 290 402 7733
132 312 397 7733
132 314 290 7733
132 537 253 7733
132 472 228 7733
132 25 101 7733
132 356 93 7733
133 251 3049 11054
133 309 1507 11054
133 57 408 11054
133 387 403 11054
133 115 393 11054
133 301 200 11054
133 66 200 11054
133 148 189 11054
133 499 119 11054
134 141 264 2495
134 509 264 2495
134 178 259 2495
134 408 255 2495
134 243 72 2495
134 487 49 2495
134 11 37 2495
135 176 73 1616
135 267 67 1616
135 127 65 1616
135 450 51 1616
135 295 50 1616
135 521 25 1616
135 505 24 1616
135 278 22 1616
135 82 17 1616
135 96 17 1616
136 448 4763 13594
136 210 2865 13594
136 449 1423 13594
136 461 1046 13594
136 414 609 13594
136 177 547 13594
136 6 509 13594
136 194 485 13594
136 188 451 13594
136 334 364 13594
136 197 344 13594
136 190 288 13594
136 333 259 13594
136 191 254 13594
136 346 243 13594
136 344 196 13594
137 193 1707 10106
137 99 605 10106
137 437 421 10106
137 251 381 10106
137 145 315 10106
137 175 273 10106
137 322 235 10106
137 220 231 10106
138 251 787 4520
138 250 630 4520
138 199 289 4520
138 162 233 4520
138 96 133 4520
138 153 82 4520
138 506 61 4520
138 409 54 4520
138 359 50 4520
138 150 49 4520
138 314 46 4520
139 356 953 4597
139 354 694 4597
139 355 353 4597
139 229 207 4597
139 357 200 4597
139 25 125 4597
139 537 76 4597
139 387 64 4597
140 250 2832 3620
140 199 2044 3620
140 251 788 3620
141 178 4648 15136
141 509 4589 15136
141 238 3404 15136
141 408 1743 15136
141 321 484 15136
141 134 264 15136
141 232 245 15136
141 515 209 15136
142 127 67 395
142 273 45 395
142 275 43 395
142 198 32 395
142 531 18 395
142 384 7 395
142 391 6 395
142 535 5 395
142 109 5 395
143 275 261 5011
143 397 243 5011
143 314 197 5011
143 418 98 5011
143 198 94 5011
143 315 75 5011
143 472 69 5011
144 36 74 190
144 386 26 190
144 338 26 190
144 361 11 190
145 193 722 11043
145 522 371 11043
145 137 315 11043
145 465 227 11043
145 314 136 11043
146 322 1254 7844
146 437 279 7844
146 219 90 7844
147 127 11 614
148 301 345 4096
148 133 189 4096
148 228 153 4096
149 216 3642 1415
149 311 106 1415
149 132 104 1415
149 472 104 1415
149 387 94 1415
149 112 26 1415
150 314 470 10144
150 94 201 10144
150 229 168 10144
150 93 153 10144
150 163 130 10144
150 520 111 10144
150 182 104 10144
151 31 676 255
151 31 19 255
152 232 3519 3778
152 231 1513 3778
152 181 716 3778
152 320 690 3778
152 452 117 3778
152 207 42 3778
153 250 4364 11106
153 251 3382 11106
153 526 1180 11106
153 96 856 11106
153 359 747 11106
153 409 719 11106
153 530 465 11106
153 505 372 11106
154 496 6687 13378
154 201 862 13378
154 232 673 13378
154 448 225 13378
155 374 54 273
155 276 22 273
155 447 16 273
155 523 9 273
155 196 7 273
155 269 5 273
156 126 23497 213
157 314 138 4611
157 158 108 4611
157 273 106 4611
157 107 94 4611
157 208 78 4611
157 124 74 4611
157 73 72 4611
157 465 72 4611
157 163 69 4611
157 499 68 4611
157 354 65 4611
157 162 52 4611
157 150 52 4611
158 208 495 6546
158 273 320 6546
158 499 277 6546
158 74 185 6546
158 73 171 6546
158 379 168 6546
158 448 153 6546
158 531 138 6546
158 378 123 6546
158 157 108 6546
158 314 106 6546
158 354 105 6546
158 461 80 6546
158 76 75 6546
158 382 72 6546
159 251 2816 5873
159 199 2129 5873
159 250 604 5873
159 30 61 5873
160 450 577 994
160 308 300 994
160 451 51 994
160 16 41 994
160 229 29 994
160 499 28 994
160 94 27 994
160 465 24 994
160 23 16 994
160 166 13 994
160 356 12 994
160 314 11 994
161 537 11 35
162 138 233 2864
162 229 224 2864
162 16 198 2864
162 93 172 2864
162 250 74 2864
162 308 69 2864
162 163 64 2864
162 251 53 2864
162 157 52 2864
162 373 49 2864
162 314 49 2864
162 199 46 2864
162 164 45 2864
162 499 43 2864
162 311 38 2864
162 150 34 2864
162 278 33 2864
162 230 31 2864
163 164 1125 5849
163 110 312 5849
163 229 181 5849
163 150 130 5849
163 373 120 5849
163 16 100 5849
163 499 76 5849
163 157 69 5849
163 314 67 5849
163 162 64 5849
163 93 59 5849
164 163 1125 4940
164 229 257 4940
164 314 153 4940
164 450 151 4940
164 373 115 4940
164 50 108 4940
164 451 72 4940
164 437 72 4940
164 312 67 4940
164 166 50 4940
165 263 1600 9945
165 365 615 9945
165 89 373 9945
165 260 320 9945
165 450 151 9945
165 465 121 9945
165 410 116 9945
166 450 317 3001
166 267 97 3001
166 208 76 3001
166 49 62 3001
166 342 57 3001
166 370 56 3001
166 448 55 3001
166 451 52 3001
166 164 50 3001
166 50 48 3001
166 96 43 3001
166 314 35 3001
166 417 34 3001
166 23 33 3001
166 229 33 3001
166 356 32 3001
167 276 163 602
167 196 138 602
167 446 11 602
168 235 638 3032
168 448 227 3032
169 75 720 2990
169 70 429 2990
169 187 176 2990
169 520 133 2990
169 150 119 2990
169 182 66 2990
169 124 65 2990
169 129 31 2990
169 229 30 2990
170 448 3138 9098
170 210 1545 9098
170 449 1496 9098
170 461 570 9098
170 177 468 9098
170 6 411 9098
170 414 311 9098
170 333 241 9098
170 197 194 9098
170 337 192 9098
170 344 140 9098
170 264 129 9098
170 346 98 9098
170 188 98 9098
170 191 92 9098
171 406 38 366
171 450 10 366
171 427 9 366
171 295 7 366
171 451 5 366
172 248 2501 7179
172 68 298 7179
172 29 284 7179
172 470 243 7179
172 28 215 7179
172 275 207 7179
172 61 206 7179
172 314 119 7179
172 448 92 7179
173 328 166 298
173 275 85 298
173 393 35 298
173 258 6 298
174 205 43 124
174 418 14 124
174 206 11 124
174 172 10 124
174 248 7 124
175 437 316 5846
175 137 273 5846
175 318 247 5846
175 322 239 5846
175 220 231 5846
175 387 135 5846
175 465 71 5846
176 409 821 11013
176 23 590 11013
176 229 417 11013
176 295 305 11013
176 18 224 11013
176 126 207 11013
176 505 205 11013
176 450 171 11013
177 448 17588 53698
177 414 5163 53698
177 461 4281 53698
177 449 4096 53698
177 197 3068 53698
177 210 2563 53698
177 344 2211 53698
177 191 1585 53698
177 194 1201 53698
177 333 1099 53698
177 364 1030 53698
177 213 944 53698
177 188 803 53698
177 346 802 53698
177 334 755 53698
177 190 736 53698
177 6 696 53698
177 136 547 53698
178 141 4648 11587
178 238 2726 11587
178 509 2497 11587
178 408 1495 11587
178 321 305 11587
178 134 259 11587
178 232 223 11587
178 40 168 11587
179 419 2463 3814
179 63 765 3814
179 314 66 3814
180 448 65 1611
180 191 28 1611
180 342 27 1611
180 427 25 1611
180 344 21 1611
180 190 19 1611
181 232 19642 35565
181 231 13820 35565
181 320 8278 35565
181 452 4640 35565
181 152 716 35565
182 114 3529 19186
182 119 1444 19186
182 122 1023 19186
182 69 271 19186
183 247 41 182
183 497 10 182
183 81 10 182
184 444 9201 3065
184 193 86 3065
184 448 64 3065
184 219 59 3065
184 461 34 3065
185 363 874 4317
185 232 59 4317
185 275 49 4317
186 90 25 185
186 19 17 185
186 232 12 185
187 249 2280 12830
187 124 1962 12830
187 220 1735 12830
187 417 800 12830
187 129 303 12830
187 169 176 12830
187 193 137 12830
187 25 131 12830
188 448 7689 23355
188 210 2497 23355
188 194 2050 23355
188 449 1776 23355
188 414 1510 23355
188 190 1352 23355
188 334 1318 23355
188 461 1238 23355
188 177 803 23355
188 197 516 23355
188 191 473 23355
188 344 472 23355
188 136 451 23355
188 333 342 23355
188 264 311 23355
188 6 291 23355
189 521 138 1024
189 428 97 1024
189 364 66 1024
189 226 26 1024
189 450 23 1024
189 127 12 1024
189 236 12 1024
190 191 10222 43810
190 448 6918 43810
190 344 5261 43810
190 194 3310 43810
190 376 2770 43810
190 461 2338 43810
190 414 2036 43810
190 188 1352 43810
190 210 1157 43810
190 449 1049 43810
190 255 1010 43810
190 177 736 43810
190 333 728 43810
190 334 663 43810
190 6 620 43810
190 337 511 43810
190 197 489 43810
191 344 10478 68189
191 190 10222 68189
191 448 10144 68189
191 194 6783 68189
191 376 4176 68189
191 461 3059 68189
191 210 2266 68189
191 414 1643 68189
191 177 1585 68189
191 449 1432 68189
191 337 1172 68189
191 333 1150 68189
191 463 995 68189
191 6 858 68189
192 194 82 741
192 60 67 741
192 368 46 741
192 191 30 741
192 427 29 741
192 126 23 741
192 193 22 741
192 180 10 741
192 195 8 741
193 194 1872 26314
193 137 1707 26314
193 344 941 26314
193 145 722 26314
193 191 446 26314
193 333 441 26314
193 448 402 26314
193 463 312 26314
193 190 295 26314
193 38 290 26314
194 448 10079 54773
194 191 6783 54773
194 190 3310 54773
194 344 2682 54773
194 210 2517 54773
194 333 2426 54773
194 376 2276 54773
194 461 2144 54773
194 188 2050 54773
194 449 1944 54773
194 193 1872 54773
194 334 1622 54773
194 177 1201 54773
194 414 1133 54773
194 463 551 54773
195 448 689 3232
195 461 582 3232
195 333 447 3232
195 191 419 3232
195 190 381 3232
195 194 245 3232
195 376 147 3232
195 334 139 3232
195 344 120 3232
195 188 60 3232
195 193 42 3232
195 463 39 3232
196 276 277 1107
196 167 138 1107
196 374 33 1107
196 409 19 1107
196 150 17 1107
197 448 9321 27828
197 414 4059 27828
197 177 3068 27828
197 461 2716 27828
197 449 1983 27828
197 210 1111 27828
197 344 796 27828
197 6 712 27828
197 194 516 27828
197 334 516 27828
197 188 516 27828
197 190 489 27828
197 333 469 27828
197 346 354 27828
197 136 344 27828
197 191 291 27828
198 314 1395 8089
198 104 412 8089
198 395 411 8089
198 380 325 8089
198 315 298 8089
198 489 94 8089
198 143 94 8089
199 250 77655 220292
199 251 68838 220292
199 96 4416 220292
200 311 17 60
201 154 862 3842
201 496 657 3842
201 448 157 3842
201 232 126 3842
201 333 66 3842
202 457 556 963
202 315 439 963
202 340 167 963
202 483 12 963
203 251 809 1512
203 133 227 1512
203 450 189 1512
203 401 160 1512
203 250 52 1512
203 199 29 1512
204 321 348 341
204 238 95 341
204 40 76 341
204 512 70 341
204 26 30 341
204 315 25 341
204 20 20 341
205 248 268 673
205 470 203 673
205 28 30 673
205 29 10 673
205 172 8 673
206 393 1580 5189
206 418 1280 5189
206 519 144 5189
207 232 1017 5427
207 231 543 5427
207 67 147 5427
207 333 109 5427
207 320 95 5427
207 344 93 5427
207 290 73 5427
207 235 66 5427
207 364 61 5427
208 73 803 8408
208 505 603 8408
208 158 495 8408
208 306 355 8408
208 378 269 8408
208 481 228 8408
208 74 199 8408
208 448 150 8408
208 499 98 8408
208 364 87 8408
209 191 246 837
209 344 87 837
209 210 72 837
209 190 72 837
209 194 70 837
209 376 62 837
209 448 58 837
209 281 56 837
209 315 42 837
209 463 28 837
209 461 14 837
209 333 10 837
209 177 10 837
210 448 25162 57812
210 449 7797 57812
210 461 4756 57812
210 136 2865 57812
210 414 2787 57812
210 177 2563 57812
210 194 2517 57812
210 188 2497 57812
210 191 2266 57812
210 344 2022 57812
210 337 1813 57812
210 334 1657 57812
210 170 1545 57812
210 6 1463 57812
210 190 1157 57812
210 197 1111 57812
210 333 1009 57812
210 346 633 57812
211 516 20 181
211 127 14 181
211 510 5 181
212 273 5491 7
213 448 3895 14847
213 414 2145 14847
213 461 1826 14847
213 449 1809 14847
213 344 1337 14847
213 177 944 14847
213 6 908 14847
213 364 510 14847
213 191 441 14847
213 210 363 14847
213 190 346 14847
213 337 227 14847
213 197 167 14847
214 243 77 652
214 432 68 652
214 422 37 652
214 314 19 652
214 472 13 652
214 446 12 652
214 315 8 652
215 109 10 56
215 382 8 56
215 240 5 56
216 149 3642 4391
216 400 1070 4391
216 464 1021 4391
216 387 88 4391
216 251 57 4391
216 250 54 4391
217 206 358 381
217 393 314 381
217 232 6 381
217 289 5 381
217 24 5 381
217 314 5 381
217 516 5 381
218 479 129 404
218 307 51 404
218 388 12 404
218 318 10 404
218 232 6 404
218 418 5 404
218 448 5 404
218 470 5 404
218 240 5 404
218 421 5 404
219 345 635 9604
219 251 479 9604
219 67 165 9604
219 49 158 9604
219 465 136 9604
219 314 130 9604
219 57 116 9604
220 187 1735 11119
220 249 1311 11119
220 314 1053 11119
220 417 658 11119
220 395 268 11119
220 175 231 11119
220 437 231 11119
220 137 231 11119
220 315 160 11119
221 345 23 329
221 222 22 329
221 219 17 329
221 314 16 329
221 465 11 329
221 50 7 329
221 244 6 329
221 235 5 329
221 417 5 329
221 356 5 329
221 184 5 329
222 349 984 4435
222 67 151 4435
222 207 101 4435
222 333 100 4435
223 57 330 4840
223 450 259 4840
223 121 242 4840
223 224 226 4840
223 96 89 4840
223 284 52 4840
224 96 670 3694
224 378 321 3694
224 121 235 3694
224 223 226 3694
224 506 169 3694
224 505 131 3694
224 358 118 3694
224 82 111 3694
224 379 105 3694
224 356 84 3694
224 275 66 3694
224 363 46 3694
224 25 41 3694
224 265 40 3694
225 251 266 1291
225 250 169 1291
225 339 106 1291
225 193 88 1291
225 194 82 1291
225 191 35 1291
225 465 25 1291
225 448 20 1291
225 219 17 1291
225 333 15 1291
226 409 619 8500
226 505 510 8500
226 284 406 8500
226 450 350 8500
226 57 259 8500
226 97 207 8500
226 451 205 8500
226 227 172 8500
226 13 164 8500
226 368 141 8500
226 367 117 8500
226 50 91 8500
226 176 89 8500
226 428 88 8500
226 427 87 8500
226 314 87 8500
227 409 991 5292
227 505 759 5292
227 284 192 5292
227 226 172 5292
227 13 156 5292
227 368 138 5292
227 427 93 5292
227 272 80 5292
227 121 62 5292
227 309 61 5292
228 387 2298 3942
228 148 153 3942
228 133 64 3942
228 115 47 3942
228 121 46 3942
228 309 43 3942
229 23 4274 34921
229 126 760 34921
229 278 701 34921
229 314 555 34921
229 251 457 34921
229 250 431 34921
229 176 417 34921
230 229 1674 3921
230 23 541 3921
230 314 118 3921
230 242 99 3921
230 110 71 3921
230 112 69 3921
230 278 67 3921
230 132 51 3921
230 22 46 3921
231 232 53344 59450
231 181 13820 59450
231 320 11581 59450
231 452 6397 59450
231 72 1202 59450
231 364 1005 59450
232 231 53344 102633
232 181 19642 102633
232 320 16633 102633
232 452 8108 102633
232 72 1679 102633
232 364 1308 102633
232 315 1090 102633
233 382 5 30
233 109 5 30
234 216 6 470
235 168 638 8861
235 448 635 8861
235 231 310 8861
235 333 195 8861
235 232 190 8861
235 364 120 8861
235 344 113 8861
236 251 1357 5334
236 428 732 5334
236 199 177 5334
236 450 156 5334
236 97 139 5334
236 250 77 5334
236 505 67 5334
236 451 66 5334
237 251 10 159
238 141 3404 11172
238 178 2726 11172
238 321 2523 11172
238 40 819 11172
238 509 301 11172
238 232 292 11172
238 325 242 11172
238 512 169 11172
239 315 103 205
239 418 47 205
239 127 8 205
239 336 8 205
239 7 7 205
240 393 1152 2118
240 479 1096 2118
240 143 93 2118
240 45 90 2118
240 198 90 2118
240 127 53 2118
240 516 41 2118
240 470 25 2118
241 80 542 1380
241 90 300 1380
241 154 184 1380
241 56 84 1380
241 232 70 1380
241 496 30 1380
241 35 25 1380
241 127 15 1380
242 93 780 3110
242 229 323 3110
242 23 218 3110
242 314 150 3110
242 230 99 3110
242 220 57 3110
242 150 47 3110
242 397 44 3110
242 278 42 3110
242 395 39 3110
242 126 39 3110
242 22 37 3110
242 315 32 3110
243 232 152 3283
243 214 77 3283
243 229 54 3283
244 450 708 4702
244 290 617 4702
244 314 155 4702
244 194 106 4702
244 182 96 4702
244 308 93 4702
244 387 86 4702
244 67 48 4702
245 314 683 3277
245 378 509 3277
245 356 366 3277
245 354 260 3277
245 49 76 3277
245 380 59 3277
245 499 38 3277
245 489 34 3277
246 418 217 614
246 252 145 614
246 509 8 614
247 81 125 312
247 183 41 312
247 497 23 312
247 343 6 312
248 470 6950 13106
248 172 2501 13106
248 68 640 13106
248 29 489 13106
248 378 336 13106
248 28 267 13106
248 275 236 13106
248 61 195 13106
248 448 136 13106
249 187 2280 10084
249 220 1311 10084
249 417 653 10084
249 124 634 10084
249 129 302 10084
250 199 77655 219867
250 251 50247 219867
250 49 2224 219867
251 199 68838 299953
251 250 50247 299953
251 96 6914 299953
252 246 145 112
253 368 29 195
253 344 23 195
253 290 11 195
253 472 10 195
253 232 8 195
253 192 8 195
253 427 6 195
254 450 587 2405
254 82 188 2405
254 359 154 2405
254 525 133 2405
254 506 121 2405
254 505 102 2405
254 96 80 2405
255 190 1010 2620
255 448 288 2620
255 344 192 2620
255 191 186 2620
255 194 114 2620
255 461 110 2620
255 333 99 2620
255 364 98 2620
255 463 39 2620
255 193 37 2620
255 210 30 2620
255 177 30 2620
255 61 27 2620
256 251 1802 1897
257 93 3531 1223
257 242 781 1223
257 16 102 1223
257 52 37 1223
257 229 35 1223
257 529 16 1223
258 393 121 177
258 206 24 177
258 516 8 177
258 173 6 177
259 307 66 387
259 143 8 387
260 251 644 3634
260 250 603 3634
260 165 320 3634
260 89 220 3634
260 315 62 3634
260 120 55 3634
260 314 52 3634
260 198 47 3634
260 294 40 3634
261 275 5605 787
261 314 110 787
261 104 43 787
261 242 24 787
261 126 19 787
261 23 14 787
261 489 8 787
262 472 23 188
262 375 17 188
262 132 7 188
263 165 1600 6583
263 344 466 6583
263 114 112 6583
263 307 106 6583
263 72 105 6583
263 364 103 6583
263 191 101 6583
263 448 84 6583
263 182 76 6583
264 448 3176 12281
264 461 1857 12281
264 449 1076 12281
264 414 556 12281
264 210 470 12281
264 177 371 12281
264 6 352 12281
264 188 311 12281
264 194 240 12281
264 197 228 12281
264 333 223 12281
264 344 186 12281
264 334 153 12281
264 170 129 12281
265 378 515 4065
265 448 317 4065
265 275 181 4065
265 61 154 4065
265 314 101 4065
265 68 75 4065
265 193 71 4065
265 197 60 4065
265 177 57 4065
265 470 53 4065
265 137 46 4065
265 379 42 4065
266 314 130 1210
266 418 27 1210
266 315 25 1210
266 238 20 1210
266 489 19 1210
267 342 354 6566
267 521 336 6566
267 278 173 6566
267 295 102 6566
267 166 97 6566
267 176 87 6566
267 450 76 6566
267 23 68 6566
267 135 67 6566
268 291 22 44
268 314 16 44
268 315 8 44
268 395 5 44
269 374 15 74
269 447 12 74
269 523 5 74
269 155 5 74
270 60 70 613
270 47 34 613
270 85 11 613
271 436 14 359
272 378 418 2223
272 275 141 2223
272 379 134 2223
272 309 104 2223
272 227 80 2223
272 348 73 2223
272 427 49 2223
273 127 2318 8936
273 107 383 8936
273 448 353 8936
273 531 346 8936
273 158 320 8936
273 63 291 8936
273 463 191 8936
273 461 168 8936
273 191 145 8936
273 344 134 8936
273 73 121 8936
273 157 106 8936
273 382 105 8936
273 275 97 8936
274 472 27 1934
275 89 1362 17268
275 378 938 17268
275 314 425 17268
275 143 261 17268
275 248 236 17268
275 172 207 17268
275 356 195 17268
275 265 181 17268
276 196 277 1005
276 167 163 1005
276 155 22 1005
276 374 16 1005
277 314 46 198
277 379 34 198
277 378 22 198
277 315 16 198
277 232 14 198
277 363 8 198
277 229 5 198
277 23 5 198
278 23 1330 6240
278 229 701 6240
278 424 259 6240
278 267 173 6240
278 521 170 6240
278 450 115 6240
278 38 83 6240
278 520 79 6240
278 230 67 6240
279 468 161 662
279 472 112 662
279 13 21 662
279 36 19 662
279 8 11 662
279 127 7 662
279 332 7 662
280 397 227 713
280 143 35 713
280 275 15 713
280 315 8 713
281 209 56 341
281 128 39 341
281 516 8 341
281 232 5 341
282 515 79 1220
282 373 51 1220
282 391 31 1220
282 316 15 1220
282 232 15 1220
283 307 1586 3129
283 100 163 3129
283 333 39 3129
284 251 1776 18308
284 427 1095 18308
284 409 1048 18308
284 13 684 18308
284 368 555 18308
284 57 519 18308
284 367 426 18308
284 226 406 18308
284 505 390 18308
284 290 345 18308
284 309 344 18308
284 250 339 18308
284 314 295 18308
284 126 237 18308
284 450 230 18308
284 50 211 18308
284 121 211 18308
284 525 197 18308
284 401 189 18308
285 83 302 1422
285 302 248 1422
285 352 177 1422
285 293 104 1422
285 391 26 1422
285 32 24 1422
285 535 20 1422
285 384 17 1422
286 315 51 1277
286 143 20 1277
286 397 15 1277
286 314 13 1277
287 426 40 182
287 427 16 182
287 126 12 182
287 229 7 182
287 176 5 182
288 243 21 126
288 422 16 126
288 432 15 126
288 214 15 126
289 393 184 237
289 206 99 237
289 455 12 237
289 53 9 237
289 217 5 237
290 450 1431 19728
290 314 935 19728
290 472 882 19728
290 364 880 19728
290 505 875 19728
290 63 775 19728
290 427 760 19728
290 50 755 19728
290 437 750 19728
290 121 750 19728
290 73 720 19728
290 244 617 19728
290 426 439 19728
290 132 402 19728
290 344 358 19728
290 284 345 19728
290 232 229 19728
290 463 202 19728
291 395 545 2471
291 314 474 2471
291 499 56 2471
291 315 55 2471
291 143 48 2471
291 220 45 2471
292 360 572 2006
292 87 571 2006
292 511 483 2006
292 482 236 2006
292 510 32 2006
293 352 383 2196
293 302 301 2196
293 535 171 2196
293 83 150 2196
293 391 109 2196
293 285 104 2196
293 413 45 2196
293 32 45 2196
293 106 26 2196
293 390 26 2196
294 300 839 3713
294 314 147 3713
294 315 97 3713
294 418 73 3713
294 63 73 3713
294 229 70 3713
294 120 44 3713
294 260 40 3713
295 521 360 4922
295 176 305 4922
295 23 205 4922
295 127 155 4922
295 450 132 4922
295 267 102 4922
295 415 68 4922
295 342 63 4922
295 229 63 4922
295 278 54 4922
295 135 50 4922
296 250 2899 3550
296 199 2247 3550
296 251 653 3550
297 448 927 6452
297 431 591 6452
297 298 542 6452
297 461 195 6452
297 177 129 6452
297 14 109 6452
297 449 103 6452
297 68 84 6452
297 231 65 6452
298 431 6361 6418
298 297 542 6418
298 14 495 6418
298 448 305 6418
298 418 74 6418
299 502 378 120
299 206 14 120
299 418 12 120
300 294 839 3223
300 314 77 3223
300 229 65 3223
300 72 60 3223
300 315 57 3223
300 311 41 3223
300 37 40 3223
300 179 36 3223
301 148 345 2103
301 133 200 2103
301 499 120 2103
301 115 106 2103
301 309 104 2103
301 448 73 2103
301 119 35 2103
301 228 32 2103
301 67 31 2103
301 177 26 2103
301 379 22 2103
302 32 1765 21459
302 535 1300 21459
302 391 1073 21459
302 352 457 21459
302 106 419 21459
302 83 368 21459
302 384 327 21459
302 517 309 21459
302 293 301 21459
302 383 261 21459
302 285 248 21459
302 437 240 21459
302 390 215 21459
303 251 861 1561
303 284 217 1561
303 309 210 1561
303 57 131 1561
303 193 105 1561
303 409 44 1561
303 232 16 1561
304 315 716 2776
304 314 582 2776
304 104 428 2776
304 275 86 2776
304 448 61 2776
304 143 43 2776
305 64 2666 511
306 481 2561 5394
306 208 355 5394
307 283 1586 7001
307 100 153 7001
307 263 106 7001
307 114 100 7001
307 191 96 7001
307 182 87 7001
308 417 421 5854
308 160 300 5854
308 229 274 5854
308 450 212 5854
308 67 120 5854
308 284 117 5854
308 244 93 5854
308 23 81 5854
308 46 71 5854
308 162 69 5854
308 18 67 5854
308 472 63 5854
309 133 1507 11388
309 251 1195 11388
309 526 1054 11388
309 284 344 11388
309 57 278 11388
309 115 233 11388
309 387 191 11388
309 182 124 11388
309 193 122 11388
310 338 196 985
310 34 81 985
310 232 61 985
310 494 11 985
311 132 732 5295
311 499 267 5295
311 537 256 5295
311 472 188 5295
311 314 139 5295
311 312 126 5295
311 378 70 5295
312 314 504 7195
312 110 487 7195
312 132 397 7195
312 472 198 7195
312 499 132 7195
312 311 126 7195
312 120 107 7195
312 100 99 7195
312 52 88 7195
313 229 24 121
313 143 19 121
313 309 18 121
313 22 9 121
313 472 6 121
314 499 1659 71910
314 198 1395 71910
314 315 1323 71910
314 472 1091 71910
314 450 1059 71910
314 437 1048 71910
314 50 1047 71910
314 290 935 71910
314 427 896 71910
314 505 852 71910
314 364 816 71910
315 314 1323 25449
315 232 1090 25449
315 198 298 25449
316 373 28 482
316 282 15 482
316 164 7 482
317 437 624 4091
317 448 49 4091
318 322 307 4112
318 437 296 4112
318 175 247 4112
318 137 242 4112
318 302 50 4112
318 323 47 4112
319 250 4972 5510
319 199 3169 5510
319 251 529 5510
320 232 16633 35373
320 231 11581 35373
320 181 8278 35373
320 452 4722 35373
320 152 690 35373
320 72 415 35373
321 238 2523 5131
321 40 864 5131
321 141 484 5131
321 510 308 5131
321 178 305 5131
321 26 240 5131
321 515 176 5131
321 315 147 5131
321 448 97 5131
321 232 85 5131
322 146 1254 24179
322 437 431 24179
322 318 307 24179
323 322 53 3194
323 318 47 3194
324 326 14448 31513
324 436 9013 31513
324 419 4688 31513
324 179 2461 31513
324 120 2226 31513
324 163 694 31513
324 164 694 31513
324 226 620 31513
325 40 1480 2255
325 238 242 2255
325 512 136 2255
325 20 67 2255
326 324 14448 16967
326 436 9026 16967
326 419 2227 16967
326 120 2226 16967
327 344 252 2170
327 191 119 2170
327 69 65 2170
327 463 56 2170
327 448 52 2170
327 333 31 2170
327 194 31 2170
327 263 24 2170
327 190 24 2170
327 376 22 2170
328 275 187 1105
328 263 64 1105
328 307 45 1105
328 143 37 1105
328 72 33 1105
328 165 27 1105
328 314 26 1105
328 314 13 1105
328 260 12 1105
329 65 2071 2824
329 182 94 2824
329 251 66 2824
329 25 53 2824
329 427 52 2824
329 60 36 2824
329 117 31 2824
329 284 30 2824
330 365 19672 3982
330 534 471 3982
330 410 252 3982
330 165 186 3982
330 499 81 3982
330 12 81 3982
331 172 9 193
331 248 9 193
332 251 129 3831
332 387 121 3831
332 364 90 3831
332 465 79 3831
332 314 78 3831
332 25 72 3831
332 356 63 3831
332 129 61 3831
332 145 53 3831
332 150 50 3831
332 39 41 3831
333 448 7924 38311
333 461 3072 38311
333 194 2426 38311
333 344 1283 38311
333 191 1150 38311
333 449 1131 38311
333 177 1099 38311
333 210 1009 38311
333 364 891 38311
333 414 751 38311
333 190 728 38311
333 334 579 38311
333 197 469 38311
333 463 442 38311
333 193 441 38311
334 448 5927 18577
334 210 1657 18577
334 194 1622 18577
334 461 1477 18577
334 188 1318 18577
334 449 999 18577
334 414 785 18577
334 177 755 18577
334 191 668 18577
334 190 663 18577
334 333 579 18577
334 197 516 18577
334 136 364 18577
334 344 291 18577
334 337 227 18577
334 346 194 18577
335 448 2398 5081
335 210 563 5081
335 461 549 5081
335 177 408 5081
335 449 332 5081
335 190 208 5081
335 344 208 5081
335 414 208 5081
335 333 206 5081
335 188 199 5081
335 334 129 5081
335 197 127 5081
335 136 113 5081
335 337 112 5081
335 194 108 5081
335 191 87 5081
335 170 78 5081
335 213 61 5081
335 127 59 5081
335 346 57 5081
335 264 52 5081
336 315 370 513
336 45 14 513
336 418 8 513
336 239 8 513
336 2 7 513
337 448 5913 14192
337 210 1813 14192
337 344 1789 14192
337 461 1349 14192
337 191 1172 14192
337 449 1008 14192
337 414 963 14192
337 190 511 14192
337 6 475 14192
337 177 350 14192
337 194 332 14192
337 334 227 14192
337 213 227 14192
337 170 192 14192
337 333 179 14192
337 188 160 14192
338 444 400 1501
338 310 196 1501
338 184 149 1501
338 219 91 1501
338 219 69 1501
338 494 62 1501
338 145 31 1501
339 193 505 12608
339 505 349 12608
339 57 346 12608
339 120 205 12608
339 52 190 12608
339 145 132 12608
340 457 1872 682
340 315 298 682
340 202 167 682
340 483 47 682
340 470 9 682
341 315 159 307
341 209 37 307
341 54 21 307
342 267 354 2938
342 359 65 2938
342 295 63 2938
342 370 59 2938
342 166 57 2938
342 18 46 2938
342 428 43 2938
342 176 34 2938
342 71 34 2938
342 521 33 2938
343 247 6 60
344 448 19747 79780
344 191 10478 79780
344 461 7104 79780
344 190 5261 79780
344 414 3396 79780
344 463 3047 79780
344 194 2682 79780
344 449 2659 79780
344 177 2211 79780
344 376 2115 79780
344 210 2022 79780
344 6 1951 79780
344 337 1789 79780
344 364 1289 79780
344 333 1283 79780
344 193 941 79780
345 219 635 6409
345 14 191 6409
345 364 86 6409
346 448 2794 11826
346 414 997 11826
346 177 802 11826
346 449 718 11826
346 461 665 11826
346 210 633 11826
346 197 354 11826
346 194 341 11826
346 333 278 11826
346 136 243 11826
346 344 217 11826
346 191 207 11826
346 334 194 11826
346 188 185 11826
346 6 124 11826
347 6 82 381
347 314 9 381
348 117 118 3035
348 272 73 3035
348 193 66 3035
348 31 40 3035
348 52 33 3035
348 182 32 3035
349 222 984 199
349 221 6 199
350 221 63 97
351 107 928 4097
351 356 190 4097
351 232 181 4097
351 231 181 4097
352 302 457 2505
352 83 405 2505
352 293 383 2505
352 285 177 2505
352 391 59 2505
352 106 48 2505
352 535 45 2505
352 32 34 2505
353 315 6 368
353 127 5 368
354 356 2522 15721
354 139 694 15721
354 355 528 15721
354 25 493 15721
354 465 360 15721
354 314 286 15721
354 229 208 15721
354 49 173 15721
355 356 651 4805
355 354 528 4805
355 139 353 4805
355 25 189 4805
355 357 99 4805
355 358 59 4805
355 229 57 4805
356 354 2522 22917
356 25 1076 22917
356 139 953 22917
356 355 651 22917
356 314 534 22917
356 357 492 22917
356 465 322 22917
356 96 260 22917
356 232 254 22917
356 129 232 22917
357 356 492 2252
357 139 200 2252
357 354 125 2252
357 355 99 2252
357 465 90 2252
357 25 85 2252
357 232 37 2252
357 158 35 2252
357 418 28 2252
357 499 26 2252
358 96 974 4177
358 356 307 4177
358 506 290 4177
358 354 155 4177
358 224 118 4177
358 525 118 4177
358 82 110 4177
358 25 89 4177
358 505 84 4177
358 355 59 4177
358 150 45 4177
359 250 3046 6439
359 251 1054 6439
359 199 291 6439
359 254 154 6439
359 505 152 6439
359 370 111 6439
359 82 102 6439
359 525 86 6439
359 450 81 6439
359 342 65 6439
360 511 773 2565
360 87 701 2565
360 292 572 2565
360 482 219 2565
360 55 100 2565
361 36 11 212
361 144 11 212
362 62 1570 10470
362 434 1174 10470
362 541 1009 10470
362 229 290 10470
362 127 220 10470
363 185 874 6510
363 530 352 6510
363 529 238 6510
363 49 137 6510
363 232 120 6510
363 25 111 6510
363 275 97 6510
363 320 96 6510
363 314 87 6510
363 379 85 6510
363 231 70 6510
364 448 2873 39770
364 232 1308 39770
364 344 1289 39770
364 461 1183 39770
364 414 1033 39770
364 177 1030 39770
364 231 1005 39770
364 449 1000 39770
364 333 891 39770
364 290 880 39770
364 314 816 39770
364 437 778 39770
364 50 778 39770
364 450 777 39770
364 472 764 39770
364 63 747 39770
364 121 742 39770
364 73 737 39770
364 505 733 39770
364 427 719 39770
364 213 510 39770
364 191 500 39770
364 37 455 39770
364 194 444 39770
365 330 19672 22472
365 410 8185 22472
365 12 5180 22472
365 534 3466 22472
365 165 615 22472
366 314 876 16803
366 364 777 16803
366 193 771 16803
366 63 748 16803
366 121 736 16803
366 182 679 16803
366 403 669 16803
366 356 663 16803
366 96 637 16803
366 278 606 16803
366 284 548 16803
366 208 546 16803
366 342 506 16803
366 129 492 16803
366 370 477 16803
366 145 473 16803
366 267 389 16803
366 117 290 16803
366 38 205 16803
366 175 179 16803
366 265 172 16803
367 409 1151 3754
367 284 426 3754
367 525 216 3754
367 428 117 3754
367 226 117 3754
367 50 112 3754
367 176 81 3754
367 309 60 3754
367 250 60 3754
367 251 44 3754
368 284 555 3497
368 427 247 3497
368 251 203 3497
368 13 199 3497
368 409 193 3497
368 226 141 3497
368 227 138 3497
368 345 104 3497
368 290 85 3497
369 248 10 21
369 232 6 21
370 359 111 1721
370 505 87 1721
370 267 65 1721
370 342 59 1721
370 250 57 1721
370 166 56 1721
370 251 26 1721
370 229 23 1721
370 199 23 1721
370 506 21 1721
370 96 19 1721
370 450 19 1721
371 129 39 608
371 206 22 608
371 418 15 608
371 465 14 608
371 36 12 608
371 393 12 608
371 240 10 608
371 127 9 608
371 356 9 608
371 479 9 608
371 114 7 608
371 368 7 608
371 314 7 608
371 182 7 608
371 332 7 608
372 387 439 15089
372 465 272 15089
373 163 120 2585
373 164 115 2585
373 162 49 2585
373 316 28 2585
374 447 88 1168
374 155 54 1168
374 520 39 1168
374 169 26 1168
374 523 21 1168
374 276 16 1168
374 269 15 1168
375 269 34 400
375 262 17 400
375 9 12 400
375 193 7 400
375 191 6 400
375 472 6 400
375 284 5 400
376 191 4176 13448
376 190 2770 13448
376 194 2276 13448
376 344 2115 13448
376 448 907 13448
376 177 286 13448
376 333 215 13448
376 463 198 13448
376 461 195 13448
376 210 165 13448
376 195 147 13448
376 334 144 13448
377 479 17 204
377 206 15 204
377 418 15 204
377 26 13 204
377 378 5 204
378 275 938 15800
378 379 602 15800
378 265 515 15800
378 232 374 15800
378 25 368 15800
378 248 336 15800
378 224 321 15800
378 470 283 15800
378 208 269 15800
378 314 213 15800
378 397 194 15800
379 378 602 3313
379 158 168 3313
379 272 134 3313
379 275 113 3313
379 224 105 3313
379 363 85 3313
379 232 57 3313
379 356 48 3313
379 448 45 3313
379 314 44 3313
379 265 42 3313
379 522 42 3313
379 470 41 3313
379 96 40 3313
379 57 37 3313
379 25 35 3313
380 314 975 4810
380 198 325 4810
380 104 321 4810
380 465 196 4810
380 290 137 4810
380 63 100 4810
380 489 68 4810
380 245 59 4810
381 232 336 1413
381 345 209 1413
381 231 61 1413
381 320 26 1413
381 181 26 1413
381 72 20 1413
381 333 17 1413
382 273 105 901
382 531 98 901
382 158 72 901
382 448 39 901
382 463 36 901
382 314 32 901
382 461 28 901
382 50 27 901
382 344 21 901
382 410 20 901
382 312 15 901
382 191 15 901
382 364 14 901
382 265 13 901
382 157 12 901
382 177 11 901
382 472 11 901
382 418 11 901
382 73 10 901
382 379 10 901
382 164 10 901
382 470 10 901
382 127 10 901
383 391 500 1717
383 535 337 1717
383 302 261 1717
383 477 187 1717
383 384 97 1717
383 323 82 1717
383 146 54 1717
384 391 750 1881
384 302 327 1881
384 535 158 1881
384 383 97 1881
384 32 30 1881
384 517 24 1881
385 52 316 984
385 530 84 984
385 314 73 984
385 312 26 984
385 146 24 984
385 417 20 984
385 437 19 984
385 356 16 984
385 379 16 984
385 465 15 984
385 117 14 984
385 226 13 984
385 164 12 984
385 364 12 984
385 96 10 984
385 472 10 984
386 58 68 695
386 315 60 695
386 418 33 695
386 417 13 695
386 387 13 695
386 393 12 695
386 36 10 695
386 206 7 695
387 228 2298 11222
387 372 439 11222
387 133 403 11222
387 121 211 11222
387 309 191 11222
387 465 161 11222
387 175 135 11222
387 332 121 11222
388 418 20 144
388 321 19 144
388 240 16 144
388 44 15 144
388 218 12 144
388 470 9 144
388 393 8 144
388 315 7 144
388 243 6 144
388 479 6 144
388 516 5 144
388 378 5 144
388 469 5 144
388 109 5 144
389 409 21 69
389 28 11 69
389 117 5 69
390 302 215 1158
390 83 207 1158
390 106 110 1158
390 413 105 1158
390 293 26 1158
390 32 22 1158
390 146 16 1158
390 383 15 1158
390 391 15 1158
390 442 14 1158
391 535 4271 7734
391 302 1073 7734
391 384 750 7734
391 383 500 7734
391 517 383 7734
391 293 109 7734
392 393 24 172
392 206 17 172
392 448 8 172
392 501 7 172
392 315 7 172
392 240 6 172
393 206 1580 5509
393 240 1152 5509
393 479 1137 5509
393 519 166 5509
393 315 110 5509
393 448 106 5509
394 371 37 153
394 127 11 153
394 240 6 153
395 314 1381 4437
395 291 545 4437
395 198 411 4437
395 220 268 4437
395 315 140 4437
395 499 100 4437
395 489 49 4437
396 448 2522 2976
396 210 492 2976
396 414 424 2976
396 461 199 2976
396 177 193 2976
396 197 177 2976
396 188 164 2976
396 449 109 2976
396 194 89 2976
396 334 62 2976
396 264 52 2976
396 333 43 2976
396 6 42 2976
396 170 33 2976
397 314 264 6890
397 143 243 6890
397 280 227 6890
397 378 194 6890
397 49 86 6890
397 315 85 6890
398 26 20 759
398 146 15 759
398 437 13 759
398 175 13 759
398 79 12 759
399 220 51 1010
399 314 39 1010
399 216 27 1010
400 93 354 6963
400 129 229 6963
400 124 189 6963
400 249 94 6963
401 251 3961 4755
401 284 189 4755
401 199 114 4755
401 250 98 4755
401 57 73 4755
402 48 17 43
403 450 313 4398
403 25 235 4398
403 229 212 4398
403 23 195 4398
403 451 122 4398
403 193 92 4398
403 114 89 4398
403 117 84 4398
403 182 57 4398
403 28 56 4398
403 314 54 4398
404 250 2853 3534
404 199 2172 3534
404 251 681 3534
405 520 21 94
405 472 7 94
405 23 6 94
405 278 6 94
406 251 231 1309
406 450 77 1309
406 250 45 1309
406 354 27 1309
406 409 19 1309
406 356 19 1309
406 314 19 1309
406 494 17 1309
406 182 16 1309
407 141 87 287
407 408 78 287
407 509 76 287
407 178 60 287
407 206 11 287
407 53 11 287
407 393 8 287
407 98 6 287
408 141 1743 5748
408 509 1691 5748
408 178 1495 5748
408 134 255 5748
408 238 71 5748
409 505 1314 20553
409 367 1151 20553
409 284 1048 20553
409 250 1005 20553
409 227 991 20553
409 251 847 20553
409 176 821 20553
409 153 719 20553
409 226 619 20553
409 525 291 20553
409 427 257 20553
409 506 252 20553
409 49 217 20553
410 365 8185 21651
410 12 4639 21651
410 534 3115 21651
410 330 252 21651
411 232 112 165
411 26 17 165
411 294 9 165
412 239 6 5
412 418 5 5
413 302 184 966
413 390 105 966
413 106 93 966
413 293 45 966
413 352 24 966
413 391 12 966
413 535 10 966
414 448 22516 66080
414 461 6965 66080
414 449 6126 66080
414 177 5163 66080
414 197 4059 66080
414 344 3396 66080
414 210 2787 66080
414 6 2758 66080
414 213 2145 66080
414 190 2036 66080
414 191 1643 66080
414 188 1510 66080
414 194 1133 66080
414 364 1033 66080
414 346 997 66080
414 337 963 66080
414 334 785 66080
414 333 751 66080
415 295 68 984
415 251 16 984
415 521 11 984
415 229 10 984
416 229 35 185
416 362 34 185
416 541 27 185
416 434 12 185
416 62 9 185
417 129 903 12835
417 187 800 12835
417 220 658 12835
417 249 653 12835
417 308 421 12835
417 426 331 12835
417 314 190 12835
417 193 155 12835
417 524 146 12835
418 206 1280 7777
418 232 281 7777
418 315 229 7777
418 143 98 7777
418 127 81 7777
419 324 4688 7052
419 179 2463 7052
419 120 2229 7052
419 326 2227 7052
420 422 347 227
420 243 7 227
421 501 165 1097
421 397 143 1097
421 314 83 1097
421 418 62 1097
421 315 46 1097
421 127 14 1097
422 420 347 643
422 243 106 643
422 214 37 643
422 432 36 643
423 315 71 287
423 393 11 287
423 198 9 287
423 105 9 287
423 511 6 287
423 418 6 287
423 391 5 287
423 206 5 287
424 23 657 1724
424 278 259 1724
424 229 56 1724
424 127 35 1724
424 362 33 1724
424 294 28 1724
424 294 23 1724
424 434 22 1724
424 62 19 1724
425 62 66 294
426 290 439 3717
426 129 331 3717
426 417 331 3717
426 284 152 3717
426 126 112 3717
426 505 87 3717
426 427 80 3717
426 450 63 3717
426 314 60 3717
426 409 58 3717
426 428 44 3717
426 451 42 3717
427 284 1095 18229
427 450 1062 18229
427 121 920 18229
427 50 900 18229
427 314 896 18229
427 505 871 18229
427 63 796 18229
427 290 760 18229
427 472 728 18229
427 364 719 18229
427 437 695 18229
427 73 681 18229
427 126 462 18229
427 409 257 18229
427 368 247 18229
427 57 211 18229
428 236 732 4962
428 110 328 4962
428 409 170 4962
428 67 136 4962
428 284 130 4962
428 525 120 4962
428 367 117 4962
428 451 113 4962
428 50 103 4962
428 16 102 4962
428 189 97 4962
428 521 95 4962
428 450 90 4962
428 226 88 4962
428 364 66 4962
428 150 58 4962
428 278 57 4962
428 23 57 4962
429 122 466 2141
429 182 331 2141
429 119 322 2141
429 114 169 2141
429 251 58 2141
429 100 30 2141
430 502 391 1382
430 418 344 1382
430 206 321 1382
430 132 36 1382
431 298 6361 4969
431 297 591 4969
431 14 521 4969
431 448 190 4969
432 243 128 220
432 214 68 220
432 64 60 220
432 422 36 220
432 288 15 220
432 315 5 220
433 315 31 106
433 314 16 106
433 110 8 106
433 104 6 106
434 362 1174 5880
434 62 1168 5880
434 541 351 5880
434 229 163 5880
434 127 107 5880
435 194 36 344
435 333 18 344
435 541 16 344
435 362 11 344
435 62 8 344
435 127 6 344
435 444 6 344
435 226 6 344
436 146 214 10711
437 314 1048 21674
437 472 832 21674
437 364 778 21674
437 73 778 21674
437 63 776 21674
437 450 770 21674
437 50 755 21674
437 121 751 21674
437 290 750 21674
437 505 730 21674
437 427 695 21674
437 322 431 21674
437 137 421 21674
437 524 413 21674
437 175 316 21674
437 318 296 21674
437 146 279 21674
437 302 240 21674
437 220 231 21674
438 315 113 308
438 101 109 308
438 36 16 308
438 232 7 308
438 219 5 308
439 314 55 607
439 450 50 607
439 427 47 607
439 63 46 607
439 472 45 607
439 284 45 607
439 50 44 607
439 50 11 607
439 121 10 607
439 529 10 607
439 127 8 607
439 210 8 607
439 25 7 607
440 8 12 34
441 302 319 1092
441 322 167 1092
441 448 135 1092
441 449 76 1092
441 387 71 1092
441 461 34 1092
441 442 26 1092
441 414 19 1092
441 314 18 1092
441 334 16 1092
441 210 12 1092
442 83 140 756
442 302 86 756
442 106 40 756
442 441 26 756
442 391 18 756
442 535 16 756
442 352 15 756
442 390 14 756
442 293 11 756
443 34 48 87
444 184 9201 3400
444 448 193 3400
444 461 126 3400
444 414 114 3400
444 193 91 3400
444 219 83 3400
444 449 45 3400
444 194 39 3400
444 333 36 3400
444 232 36 3400
445 410 2793 21
446 8 28 517
446 243 15 517
446 472 13 517
446 214 12 517
446 36 10 517
446 127 8 517
446 315 6 517
447 374 88 646
447 155 16 646
447 523 14 646
447 269 12 646
448 461 35930 318981
448 210 25162 318981
448 449 23349 318981
448 414 22516 318981
448 344 19747 318981
448 177 17588 318981
448 191 10144 318981
448 194 10079 318981
448 197 9321 318981
448 333 7924 318981
448 188 7689 318981
448 190 6918 318981
448 334 5927 318981
449 448 23349 72839
449 210 7797 72839
449 461 6648 72839
449 414 6126 72839
449 6 4550 72839
449 177 4096 72839
449 344 2659 72839
449 197 1983 72839
449 194 1944 72839
449 213 1809 72839
449 188 1776 72839
449 170 1496 72839
449 191 1432 72839
449 136 1423 72839
449 333 1131 72839
449 264 1076 72839
449 190 1049 72839
449 337 1008 72839
449 364 1000 72839
449 334 999 72839
450 251 2786 32579
450 505 2087 32579
450 290 1431 32579
450 427 1062 32579
450 314 1059 32579
450 50 923 32579
450 121 854 32579
450 472 808 32579
450 364 777 32579
450 437 770 32579
450 63 757 32579
450 73 721 32579
450 451 445 32579
450 226 350 32579
451 450 445 6102
451 226 205 6102
451 403 122 6102
451 428 113 6102
451 314 93 6102
451 57 88 6102
451 427 86 6102
451 23 80 6102
451 117 72 6102
451 164 72 6102
451 236 66 6102
451 229 63 6102
452 232 8108 21422
452 231 6397 21422
452 320 4722 21422
452 181 4640 21422
452 72 364 21422
453 238 412 427
453 141 124 427
453 178 45 427
453 26 21 427
453 509 5 427
454 437 48 851
454 175 24 851
454 436 21 851
454 322 20 851
454 314 14 851
454 465 14 851
454 146 14 851
454 137 11 851
454 176 10 851
454 202 9 851
455 53 301 1905
455 393 219 1905
455 519 199 1905
455 206 160 1905
455 509 57 1905
455 141 54 1905
455 408 45 1905
455 178 41 1905
455 134 24 1905
456 315 779 938
457 340 1872 1783
457 315 677 1783
457 202 556 1783
457 483 168 1783
457 496 23 1783
457 154 23 1783
457 127 18 1783
458 360 45 114
458 503 12 114
459 366 17 77
459 418 14 77
459 315 8 77
459 35 8 77
459 314 7 77
459 127 6 77
459 448 6 77
459 393 5 77
460 387 117 357
460 441 63 357
460 332 55 357
460 448 55 357
460 100 6 357
461 448 35930 90557
461 344 7104 90557
461 414 6965 90557
461 449 6648 90557
461 210 4756 90557
461 177 4281 90557
461 6 3193 90557
461 333 3072 90557
461 191 3059 90557
461 197 2716 90557
461 190 2338 90557
461 194 2144 90557
461 264 1857 90557
461 334 1477 90557
461 337 1349 90557
461 188 1238 90557
461 364 1183 90557
461 463 1102 90557
461 136 1046 90557
462 509 8 109
462 515 8 109
462 141 7 109
463 344 3047 10365
463 448 1835 10365
463 461 1102 10365
463 191 995 10365
463 194 551 10365
463 333 442 10365
463 190 337 10365
463 364 327 10365
463 193 312 10365
463 290 202 10365
463 376 198 10365
463 273 191 10365
463 210 186 10365
463 531 118 10365
463 449 114 10365
464 216 1021 3592
464 400 1020 3592
464 450 140 3592
465 492 1162 26819
465 354 360 26819
465 356 322 26819
466 465 780 810
466 492 21 810
466 145 13 810
466 356 13 810
466 536 10 810
466 332 10 810
466 66 10 810
466 539 10 810
467 386 53 94
467 314 8 94
468 279 161 2030
468 476 56 2030
468 393 49 2030
468 472 43 2030
468 36 38 2030
468 315 23 2030
469 315 14 55
469 423 11 55
469 44 7 55
469 321 7 55
469 240 7 55
469 363 7 55
469 158 6 55
469 388 5 55
469 393 5 55
470 248 6950 3528
470 378 283 3528
470 172 243 3528
470 275 86 3528
470 448 73 3528
470 251 65 3528
470 250 65 3528
470 29 65 3528
470 28 57 3528
470 265 53 3528
470 379 41 3528
470 264 40 3528
470 333 39 3528
471 511 31 47
471 510 31 47
471 211 16 47
472 63 1094 20266
472 314 1091 20266
472 290 882 20266
472 437 832 20266
472 450 808 20266
472 121 782 20266
472 50 765 20266
472 364 764 20266
472 505 759 20266
472 73 746 20266
472 427 728 20266
472 132 228 20266
473 276 15 30
473 374 15 30
474 46 7 17
475 251 90446 57415
475 199 51138 57415
476 468 56 1335
476 312 28 1335
476 314 25 1335
476 124 22 1335
476 132 14 1335
477 383 187 1212
477 302 135 1212
477 517 29 1212
477 391 26 1212
477 83 25 1212
477 535 24 1212
477 494 21 1212
477 32 17 1212
478 232 93 579
479 393 1137 1709
479 240 1096 1709
479 218 129 1709
479 418 27 1709
479 311 21 1709
480 418 59 102
480 246 25 102
481 306 2561 3558
481 208 228 3558
482 292 236 748
482 360 219 748
482 87 217 748
482 511 143 748
482 55 14 748
483 457 168 220
483 315 106 220
483 340 47 220
483 202 12 220
483 470 9 220
483 232 6 220
484 127 14 78
485 486 39 92
485 206 20 92
485 393 13 92
485 518 11 92
485 519 9 92
485 488 8 92
485 516 7 92
486 206 349 196
486 485 39 196
486 393 33 196
486 519 25 196
486 518 19 196
486 455 19 196
486 488 18 196
486 516 7 196
486 418 5 196
487 243 72 229
487 134 49 229
487 11 27 229
487 44 15 229
487 64 8 229
487 131 7 229
487 232 5 229
488 519 121 268
488 455 77 268
488 393 64 268
488 206 47 268
488 486 18 268
488 501 13 268
488 143 13 268
488 485 8 268
488 127 7 268
488 232 6 268
488 418 5 268
489 314 2418 2191
489 198 94 2191
489 499 76 2191
489 104 71 2191
489 380 68 2191
489 315 68 2191
489 229 58 2191
489 395 49 2191
489 245 34 2191
489 121 32 2191
489 220 32 2191
489 356 27 2191
489 354 23 2191
489 150 23 2191
490 199 13 136
490 251 13 136
490 250 11 136
490 505 10 136
490 226 6 136
490 450 6 136
490 409 5 136
491 24 26 599
491 146 14 599
491 127 11 599
492 465 1162 4281
492 57 149 4281
492 372 75 4281
492 387 49 4281
493 250 2722 3489
493 199 2271 3489
493 251 592 3489
494 193 122 4246
494 182 58 4246
494 187 55 4246
494 145 48 4246
495 451 34 934
495 465 30 934
495 314 29 934
495 315 26 934
495 57 25 934
495 198 23 934
495 294 19 934
495 300 18 934
495 150 17 934
495 494 12 934
495 182 12 934
495 260 11 934
495 356 11 934
496 154 6687 7399
496 201 657 7399
496 232 318 7399
496 231 94 7399
497 81 69 151
497 247 23 151
497 183 10 151
498 438 43 266
498 206 7 266
498 393 6 266
498 315 5 266
499 314 1659 13215
499 537 980 13215
499 132 447 13215
499 158 277 13215
499 311 267 13215
499 410 203 13215
500 53 11 30
501 397 178 2099
501 421 165 2099
501 143 132 2099
501 314 117 2099
501 418 90 2099
501 315 76 2099
501 393 28 2099
502 418 503 2464
502 206 406 2464
502 430 391 2464
502 538 90 2464
502 190 69 2464
502 93 58 2464
502 16 54 2464
502 400 51 2464
502 26 31 2464
503 321 36 216
503 515 24 216
503 232 12 216
503 397 12 216
504 465 14 1211
505 450 2087 27217
505 96 2087 27217
505 251 1466 27217
505 73 1326 27217
505 409 1314 27217
505 290 875 27217
505 427 871 27217
505 314 852 27217
505 121 837 27217
505 50 776 27217
505 472 759 27217
505 199 753 27217
505 63 753 27217
505 364 733 27217
505 437 730 27217
505 250 718 27217
505 208 603 27217
505 226 510 27217
505 284 390 27217
505 506 381 27217
505 153 372 27217
506 96 609 5016
506 82 537 5016
506 505 381 5016
506 358 290 5016
506 450 257 5016
506 409 252 5016
506 224 169 5016
506 525 126 5016
506 254 121 5016
506 138 61 5016
506 251 56 5016
506 427 53 5016
507 511 464 151
507 55 93 151
507 292 15 151
507 178 11 151
508 158 37 191
508 76 30 191
508 531 21 191
508 314 10 191
508 461 8 191
508 273 8 191
508 465 8 191
508 403 7 191
508 382 7 191
508 448 6 191
508 145 5 191
508 208 5 191
509 141 4589 8303
509 178 2497 8303
509 408 1691 8303
509 515 356 8303
509 238 301 8303
509 134 264 8303
510 134 3719 4007
510 191 428 4007
510 321 308 4007
510 194 271 4007
510 448 186 4007
510 190 105 4007
510 251 99 4007
510 210 84 4007
510 219 75 4007
510 344 55 4007
510 333 44 4007
511 360 773 3164
511 87 566 3164
511 292 483 3164
511 55 249 3164
511 482 143 3164
511 178 47 3164
511 408 38 3164
512 40 1716 1268
512 321 330 1268
512 20 246 1268
512 238 169 1268
512 325 136 1268
512 204 70 1268
513 418 5 22
514 315 46 10
514 229 5 10
515 509 356 1182
515 141 209 1182
515 321 176 1182
515 103 105 1182
515 282 79 1182
515 26 73 1182
515 238 66 1182
515 232 57 1182
515 126 23 1182
515 154 20 1182
515 40 18 1182
515 127 17 1182
515 391 16 1182
516 418 46 365
516 240 41 365
516 109 27 365
516 321 25 365
516 518 21 365
516 211 20 365
516 393 13 365
516 206 12 365
516 127 11 365
516 457 10 365
516 421 8 365
516 486 7 365
516 485 7 365
516 519 7 365
516 531 6 365
516 315 6 365
516 128 5 365
516 388 5 365
517 535 738 1592
517 391 383 1592
517 302 309 1592
517 83 93 1592
517 477 29 1592
517 384 24 1592
517 32 19 1592
518 393 47 241
518 206 33 241
518 516 21 241
518 486 19 241
518 519 17 241
518 127 16 241
518 485 11 241
518 455 7 241
519 455 199 880
519 393 166 880
519 206 144 880
519 488 121 880
519 486 25 880
519 127 18 880
519 518 17 880
519 232 13 880
519 105 10 880
519 485 9 880
520 75 514 6114
520 169 133 6114
520 127 121 6114
520 150 111 6114
520 278 79 6114
521 295 360 3668
521 267 336 3668
521 278 170 3668
521 189 138 3668
521 450 111 3668
521 23 109 3668
521 428 95 3668
521 127 69 3668
521 229 58 3668
521 308 53 3668
522 145 371 2993
522 465 138 2993
522 39 95 2993
522 229 65 2993
522 314 33 2993
523 374 21 96
523 447 14 96
523 155 9 96
523 269 5 96
524 437 413 3674
524 193 256 3674
524 129 190 3674
524 417 146 3674
524 232 103 3674
524 231 64 3674
524 344 52 3674
524 38 49 3674
524 89 46 3674
524 207 46 3674
524 137 40 3674
525 409 291 5809
525 49 240 5809
525 367 216 5809
525 284 197 5809
525 50 182 5809
525 96 179 5809
525 254 133 5809
525 506 126 5809
525 428 120 5809
525 358 118 5809
525 111 110 5809
525 505 92 5809
525 359 86 5809
525 82 79 5809
525 150 59 5809
526 251 2338 5827
526 250 1359 5827
526 153 1180 5827
526 309 1054 5827
526 199 96 5827
527 48 400 1931
527 49 43 1931
527 164 28 1931
527 537 28 1931
528 17 79 772
528 530 71 772
528 153 59 772
528 251 23 772
528 363 20 772
528 529 10 772
528 52 8 772
529 50 512 4265
529 530 241 4265
529 363 238 4265
529 314 115 4265
529 121 91 4265
529 427 55 4265
529 364 50 4265
529 52 44 4265
530 251 1071 5853
530 250 854 5853
530 49 468 5853
530 153 465 5853
530 363 352 5853
530 529 241 5853
530 52 218 5853
530 199 121 5853
530 314 94 5853
530 385 84 5853
530 528 71 5853
531 273 346 2812
531 448 203 2812
531 127 175 2812
531 158 138 2812
531 463 118 2812
531 461 99 2812
531 382 98 2812
531 191 82 2812
531 344 65 2812
531 333 44 2812
531 177 42 2812
531 312 40 2812
531 364 39 2812
531 194 32 2812
531 229 30 2812
531 410 29 2812
532 306 17 1335
532 321 15 1335
533 127 5 129
534 365 3466 6347
534 410 3115 6347
534 330 471 6347
534 12 453 6347
535 391 4271 5777
535 302 1300 5777
535 517 738 5777
535 383 337 5777
535 293 171 5777
535 384 158 5777
535 32 87 5777
536 539 268 2981
537 499 980 3574
537 311 256 3574
537 132 253 3574
537 437 186 3574
537 314 150 3574
537 387 105 3574
537 73 96 3574
537 176 91 3574
537 139 76 3574
537 364 63 3574
537 472 60 3574
537 126 60 3574
537 448 55 3574
537 37 53 3574
537 158 43 3574
537 49 42 3574
537 229 42 3574
537 63 38 3574
538 418 152 534
538 206 144 534
538 502 90 534
538 430 66 534
539 536 268 1266
539 354 17 1266
539 127 16 1266
539 25 15 1266
540 455 191 113
540 53 30 113
540 206 26 113
540 393 24 113
541 362 1009 3776
541 62 676 3776
541 434 351 3776
541 229 243 3776
541 127 97 3776
