228 
123 
247 
239 
121 
30 
96 
41 
41 
41 
41 
133 
41 
174 
174 
174 
41 
123 
41 
30 
212 
212 
212 
212 
212 
212 
66 
218 
195 
108 
215 
221 
66 
137 
227 
66 
168 
298 
105 
172 
173 
168 
65 
260 
6 
64 
64 
268 
233 
6 
62 
128 
6 
15 
204 
200 
65 
188 
188 
227 
161 
161 
280 
4 
172 
172 
264 
172 
172 
110 
9 
158 
249 
253 
176 
16 
278 
143 
293 
277 
59 
137 
176 
80 
176 
176 
80 
268 
181 
265 
283 
123 
30 
123 
6 
256 
256 
98 
41 
279 
41 
233 
255 
259 
28 
28 
225 
172 
176 
34 
80 
137 
97 
172 
121 
123 
294 
60 
9 
150 
143 
172 
172 
172 
6 
207 
281 
30 
188 
66 
234 
191 
259 
29 
29 
107 
277 
178 
176 
137 
188 
270 
270 
106 
66 
109 
59 
59 
38 
172 
29 
148 
29 
260 
148 
245 
231 
133 
221 
104 
153 
86 
46 
289 
66 
66 
191 
122 
80 
273 
4 
172 
263 
185 
123 
128 
276 
203 
128 
66 
225 
16 
233 
63 
99 
243 
172 
95 
104 
6 
144 
197 
197 
23 
121 
47 
23 
47 
223 
47 
123 
123 
113 
241 
197 
172 
162 
162 
162 
172 
223 
118 
159 
118 
292 
146 
172 
253 
41 
61 
208 
66 
172 
168 
172 
267 
168 
7 
123 
234 
89 
197 
126 
172 
123 
36 
66 
278 
141 
146 
146 
123 
123 
283 
177 
75 
270 
206 
206 
206 
172 
39 
123 
283 
172 
281 
243 
231 
123 
34 
71 
71 
71 
241 
149 
123 
234 
66 
222 
257 
182 
48 
48 
128 
137 
168 
191 
172 
172 
95 
6 
110 
243 
110 
83 
133 
66 
66 
182 
188 
110 
173 
123 
270 
66 
30 
30 
213 
213 
268 
210 
220 
149 
163 
66 
57 
57 
277 
68 
257 
268 
149 
197 
83 
41 
61 
61 
96 
184 
93 
240 
240 
162 
123 
26 
62 
6 
299 
172 
172 
283 
22 
9 
129 
29 
142 
176 
172 
95 
95 
128 
268 
268 
25 
92 
172 
184 
97 
57 
57 
168 
300 
268 
184 
184 
150 
167 
175 
283 
12 
29 
66 
107 
152 
243 
259 
278 
81 
243 
243 
221 
123 
92 
66 
128 
291 
33 
107 
99 
99 
19 
257 
172 
257 
66 
260 
123 
120 
275 
66 
66 
13 
120 
254 
254 
126 
257 
248 
172 
6 
135 
6 
257 
49 
283 
168 
233 
233 
36 
123 
101 
30 
30 
49 
248 
57 
6 
123 
49 
66 
219 
107 
270 
188 
123 
234 
107 
146 
30 
168 
168 
123 
189 
189 
126 
89 
36 
150 
191 
142 
111 
85 
126 
242 
46 
66 
57 
172 
172 
224 
74 
96 
172 
123 
67 
121 
49 
83 
131 
188 
96 
107 
205 
191 
43 
150 
137 
66 
230 
172 
66 
66 
76 
41 
172 
172 
172 
39 
36 
36 
36 
136 
137 
49 
68 
233 
243 
123 
110 
172 
3 
298 
248 
172 
196 
176 
101 
146 
139 
175 
257 
107 
262 
29 
18 
248 
84 
84 
176 
123 
162 
194 
66 
197 
30 
150 
76 
55 
18 
62 
252 
95 
262 
131 
66 
66 
205 
34 
231 
62 
29 
43 
59 
41 
80 
176 
66 
41 
121 
6 
41 
172 
268 
62 
257 
66 
127 
45 
68 
274 
274 
66 
67 
193 
226 
56 
219 
172 
257 
30 
66 
62 
123 
78 
223 
29 
29 
269 
151 
19 
19 
131 
168 
168 
199 
168 
31 
57 
123 
168 
168 
29 
62 
125 
125 
42 
250 
76 
66 
120 
34 
172 
123 
168 
123 
168 
154 
42 
211 
6 
150 
232 
66 
206 
206 
39 
265 
80 
150 
148 
143 
172 
172 
241 
241 
172 
6 
251 
183 
59 
231 
23 
232 
172 
102 
268 
155 
62 
114 
41 
110 
46 
66 
6 
95 
281 
123 
168 
272 
66 
240 
162 
206 
49 
66 
41 
202 
61 
231 
123 
73 
172 
172 
172 
123 
289 
133 
148 
33 
23 
201 
291 
37 
23 
172 
23 
41 
172 
200 
87 
77 
16 
30 
104 
296 
17 
77 
298 
172 
123 
268 
229 
60 
286 
236 
128 
235 
180 
80 
80 
41 
137 
137 
41 
41 
200 
41 
66 
18 
123 
92 
212 
121 
29 
23 
277 
22 
178 
269 
95 
172 
268 
237 
29 
288 
125 
121 
170 
66 
166 
68 
133 
270 
30 
158 
66 
225 
123 
172 
172 
123 
126 
126 
172 
123 
150 
49 
121 
121 
85 
172 
6 
168 
268 
172 
61 
168 
73 
253 
14 
281 
123 
123 
123 
9 
23 
209 
123 
123 
172 
172 
62 
172 
107 
49 
276 
290 
172 
144 
134 
229 
2 
262 
262 
262 
66 
66 
231 
229 
66 
147 
147 
136 
242 
151 
297 
253 
294 
294 
36 
283 
273 
225 
229 
39 
73 
172 
123 
123 
123 
123 
123 
201 
164 
115 
62 
229 
250 
76 
275 
144 
144 
144 
172 
80 
168 
135 
135 
135 
172 
66 
144 
56 
21 
203 
172 
214 
283 
168 
123 
16 
123 
197 
50 
62 
123 
144 
6 
6 
23 
123 
132 
165 
172 
172 
123 
123 
6 
172 
16 
299 
172 
62 
81 
284 
156 
162 
259 
283 
257 
172 
269 
6 
269 
72 
80 
172 
121 
265 
265 
265 
172 
6 
269 
191 
259 
225 
172 
283 
283 
140 
100 
217 
172 
172 
66 
234 
57 
172 
281 
123 
178 
145 
129 
5 
231 
234 
234 
41 
143 
143 
143 
76 
176 
168 
172 
168 
99 
172 
148 
44 
76 
36 
136 
172 
41 
221 
255 
259 
104 
259 
46 
107 
172 
172 
172 
141 
137 
172 
119 
172 
128 
59 
172 
19 
32 
172 
107 
172 
172 
42 
264 
260 
40 
59 
172 
172 
260 
172 
168 
62 
234 
39 
219 
102 
50 
249 
123 
172 
104 
221 
287 
66 
233 
172 
57 
172 
123 
270 
172 
137 
137 
176 
66 
66 
66 
66 
168 
184 
66 
66 
172 
172 
257 
67 
172 
235 
210 
14 
14 
119 
188 
225 
172 
172 
80 
68 
68 
128 
41 
168 
57 
172 
66 
270 
259 
172 
123 
18 
66 
176 
176 
270 
103 
130 
41 
172 
270 
80 
139 
24 
123 
170 
225 
131 
36 
104 
81 
81 
295 
172 
259 
172 
172 
96 
96 
184 
96 
96 
268 
172 
206 
162 
184 
131 
146 
146 
259 
172 
161 
45 
193 
193 
41 
66 
123 
66 
66 
66 
22 
33 
233 
8 
128 
6 
1 
123 
176 
70 
57 
89 
136 
168 
257 
273 
161 
248 
188 
123 
96 
289 
66 
51 
66 
139 
36 
36 
168 
186 
29 
172 
176 
283 
123 
123 
66 
66 
66 
270 
41 
49 
225 
229 
123 
107 
225 
16 
123 
220 
175 
129 
33 
123 
66 
123 
188 
188 
66 
128 
66 
259 
1 
16 
28 
23 
23 
172 
172 
126 
172 
66 
137 
150 
172 
66 
66 
29 
297 
29 
191 
168 
66 
19 
243 
29 
259 
141 
100 
16 
66 
66 
229 
58 
176 
57 
66 
41 
41 
48 
168 
172 
104 
172 
172 
66 
66 
107 
172 
244 
244 
255 
28 
28 
172 
36 
190 
123 
128 
172 
124 
123 
121 
128 
121 
6 
172 
41 
128 
33 
41 
189 
259 
66 
11 
66 
146 
131 
41 
289 
88 
234 
23 
29 
29 
260 
258 
148 
27 
123 
172 
168 
117 
174 
79 
36 
72 
144 
172 
45 
187 
248 
243 
73 
45 
23 
229 
80 
80 
283 
206 
6 
123 
123 
6 
94 
41 
41 
257 
29 
44 
221 
144 
265 
66 
23 
249 
123 
172 
41 
123 
145 
207 
146 
168 
168 
176 
9 
66 
192 
129 
129 
28 
298 
270 
16 
259 
259 
191 
191 
10 
41 
41 
110 
83 
145 
6 
30 
229 
237 
237 
237 
178 
257 
257 
76 
200 
157 
157 
233 
41 
226 
226 
123 
36 
36 
99 
66 
137 
66 
273 
66 
66 
123 
80 
176 
80 
6 
168 
168 
59 
41 
172 
121 
80 
93 
98 
66 
23 
269 
123 
95 
171 
126 
126 
91 
91 
16 
14 
66 
36 
76 
143 
225 
111 
111 
73 
123 
49 
123 
66 
172 
96 
285 
176 
6 
188 
168 
290 
179 
94 
41 
127 
273 
130 
66 
66 
66 
66 
128 
266 
289 
61 
71 
71 
243 
231 
264 
201 
123 
248 
66 
66 
221 
6 
300 
300 
123 
36 
55 
70 
176 
174 
172 
298 
243 
16 
41 
23 
41 
29 
176 
231 
172 
172 
268 
41 
122 
119 
100 
100 
172 
172 
162 
241 
14 
49 
23 
23 
103 
23 
23 
23 
221 
41 
73 
299 
35 
35 
41 
178 
172 
168 
66 
234 
283 
168 
69 
268 
172 
168 
246 
172 
39 
68 
68 
270 
196 
139 
44 
270 
30 
110 
160 
112 
59 
226 
271 
172 
172 
146 
172 
104 
11 
200 
237 
123 
257 
66 
109 
63 
121 
123 
180 
144 
110 
110 
268 
268 
248 
184 
123 
264 
138 
57 
110 
57 
76 
87 
121 
162 
123 
162 
64 
59 
54 
82 
29 
29 
121 
121 
240 
123 
16 
23 
23 
103 
189 
44 
172 
46 
176 
90 
80 
11 
80 
216 
36 
76 
229 
133 
116 
62 
57 
168 
278 
282 
41 
172 
172 
123 
244 
169 
11 
53 
53 
253 
253 
6 
65 
253 
137 
123 
172 
172 
172 
198 
139 
44 
20 
261 
233 
11 
225 
52 
176 
39 
57 
238 
158 
29 
66 
123 
278 
23 
30 
146 
80 
