1 757 3470 3966
1 757 496 3966
2 758 2319 300
2 758 300 300
3 1536 2861 455
3 1536 449 455
4 1511 2691 412
4 1511 412 412
5 933 42 69
5 703 40 69
5 693 5 69
6 1277 694 2328
6 412 501 2328
6 425 427 2328
6 342 164 2328
7 1035 341 1356
7 1035 69 1356
8 693 194 194
8 692 49 194
8 928 28 194
8 541 22 194
8 541 11 194
9 693 146 164
9 692 34 164
9 541 21 164
9 928 17 164
9 10 9 164
10 693 121 118
10 692 19 118
10 541 15 118
10 9 9 118
10 928 9 118
11 693 99 316
11 928 18 316
11 692 17 316
12 1366 16 69
12 778 14 69
12 778 14 69
13 693 186 236
13 692 42 236
13 541 42 236
13 928 27 236
13 25 23 236
14 15 1274 4204
15 14 1274 1759
16 15 442 391
16 14 211 391
17 693 147 186
17 692 85 186
17 928 31 186
17 541 21 186
18 830 1190 3360
18 229 1075 3360
18 883 1035 3360
18 958 173 3360
19 958 214 850
19 958 204 850
19 693 172 850
20 560 19 47
20 93 13 47
20 412 10 47
21 26 41 77
21 22 12 77
21 702 12 77
21 23 11 77
21 25 10 77
21 1299 6 77
21 24 6 77
21 731 5 77
22 25 149 669
22 26 120 669
22 24 55 669
22 731 39 669
22 595 35 669
23 25 54 229
23 26 43 229
23 24 22 229
23 22 21 229
23 1096 12 229
24 25 176 415
24 22 55 415
24 26 34 415
24 23 22 415
25 24 176 955
25 22 149 955
25 26 83 955
25 23 54 955
26 22 120 538
26 25 83 538
26 23 43 538
26 21 41 538
26 24 34 538
27 1299 10880 40438
27 1302 6773 40438
27 1193 4602 40438
27 1340 4590 40438
27 1001 3216 40438
28 1485 3111 416
28 1485 411 416
29 767 860 47
29 1348 14 47
30 1460 2217 394
30 1460 394 394
31 1524 2537 437
31 1524 437 437
32 1524 30 385
33 1299 1553 6478
33 574 1239 6478
33 1193 559 6478
33 579 480 6478
33 576 448 6478
33 1340 349 6478
34 275 439 4686
34 275 289 4686
34 140 264 4686
34 1132 242 4686
35 1364 38 348
35 1364 32 348
36 1082 786 2371
36 1299 617 2371
36 579 302 2371
37 576 12 64
37 1088 9 64
37 574 7 64
38 1053 665 4841
38 578 660 4841
38 1307 655 4841
38 1307 649 4841
38 1307 575 4841
38 545 308 4841
39 627 113 742
39 375 71 742
40 731 551 1453
40 728 378 1453
40 826 165 1453
41 269 533 2386
41 545 159 2386
41 397 145 2386
42 1001 82 799
43 281 862 10077
43 243 830 10077
43 243 802 10077
43 243 762 10077
43 402 740 10077
43 1463 729 10077
43 847 727 10077
43 847 727 10077
43 1056 712 10077
43 175 710 10077
43 1303 706 10077
43 1233 669 10077
44 948 4524 4524
44 943 4524 4524
45 832 218 1559
45 1185 204 1559
45 1185 98 1559
45 847 98 1559
45 535 93 1559
45 1178 89 1559
45 1320 88 1559
45 1320 88 1559
46 435 502 288
46 435 37 288
46 443 37 288
46 1409 27 288
47 1409 152 858
47 1014 128 858
48 449 276 2236
48 1040 162 2236
48 1437 157 2236
49 1061 5519 7749
49 1189 4961 7749
49 1541 727 7749
49 503 417 7749
50 832 904 4354
50 731 250 4354
51 731 144 1822
51 326 96 1822
52 1064 538 1421
52 1185 233 1421
52 535 226 1421
52 1183 112 1421
52 728 94 1421
53 832 569 3109
53 891 282 3109
53 686 256 3109
54 55 535 898
54 56 336 898
55 54 535 892
55 56 417 892
55 693 72 892
56 870 536 7992
57 870 386 4716
58 424 1326 2427
58 59 297 2427
58 460 268 2427
59 58 297 934
59 424 290 934
59 460 134 934
59 985 47 934
60 1050 145 1215
60 1076 103 1215
61 60 61 200
62 60 18 50
62 60 11 50
62 35 6 50
63 597 620 575
63 578 50 575
63 57 36 575
63 503 29 575
64 1521 43 265
65 731 241 1872
65 744 236 1872
65 1041 202 1872
65 700 156 1872
65 712 109 1872
65 728 109 1872
65 595 106 1872
66 728 1798 2321
66 595 1275 2321
66 731 523 2321
67 1482 60 252
67 703 14 252
68 728 2463 3076
68 595 1850 3076
68 731 613 3076
69 731 1272 369
69 572 79 369
69 572 23 369
70 122 34 632
71 332 7486 7229
71 1437 676 7229
72 1437 15 84
73 648 82 347
73 648 43 347
74 1527 230 426
74 1526 79 426
74 1530 48 426
74 1529 28 426
74 1528 23 426
75 689 791 5150
75 535 359 5150
76 876 246 1456
76 1106 240 1456
76 1386 179 1456
76 1333 96 1456
76 672 95 1456
76 1102 95 1456
77 368 579 3322
77 1028 577 3322
77 238 456 3322
78 438 90 1195
79 827 289 2107
80 327 193 324
80 954 27 324
81 933 265 1053
81 1484 246 1053
81 147 242 1053
81 703 173 1053
81 533 102 1053
81 945 69 1053
82 275 209 3030
82 140 203 3030
82 1132 196 3030
82 34 174 3030
83 689 2838 2378
83 84 226 2378
84 689 6417 19174
84 815 1728 19174
85 689 1826 3360
85 690 884 3360
85 84 266 3360
86 689 913 1972
86 84 404 1972
86 690 116 1972
87 690 10 18
87 690 6 18
87 255 5 18
88 342 292 978
88 92 81 978
88 545 61 978
88 1038 54 978
89 1038 29 198
90 869 593 2245
90 1243 289 2245
90 870 254 2245
90 56 174 2245
91 462 169 1484
91 828 111 1484
91 405 77 1484
92 1038 1456 24653
93 560 543 3015
93 724 344 3015
93 412 308 3015
93 296 183 3015
94 92 645 6520
95 400 298 1158
95 296 71 1158
95 296 61 1158
95 92 59 1158
96 1327 2003 1129
96 1327 785 1129
97 1327 61 226
98 302 2543 4232
98 302 249 4232
98 693 226 4232
99 693 43 484
100 550 1079 396
101 693 3609 4723
101 692 1015 4723
101 275 426 4723
102 1189 804 424
102 964 109 424
102 1061 76 424
103 1251 217 721
103 1171 149 721
103 918 67 721
104 232 330 1324
104 313 275 1324
104 833 247 1324
104 876 150 1324
104 205 135 1324
104 514 99 1324
105 106 1476 3867
105 1124 876 3867
105 722 317 3867
105 529 240 3867
106 105 1476 2954
106 722 522 2954
106 1124 325 2954
106 529 292 2954
106 259 150 2954
107 1123 272 1039
107 1543 197 1039
107 876 186 1039
107 1493 70 1039
107 76 55 1039
107 1333 55 1039
108 731 1192 2918
108 1303 311 2918
109 689 841 2796
109 84 404 2796
109 418 175 2796
109 535 165 2796
110 535 226 951
111 815 359 3054
111 815 234 3054
112 219 610 958
112 219 376 958
112 219 87 958
113 1315 900 1051
113 1315 81 1051
113 731 62 1051
113 728 58 1051
114 728 190 3751
115 706 52 651
115 1479 49 651
115 539 49 651
115 456 49 651
115 308 35 651
115 327 33 651
116 1528 294 2272
116 909 147 2272
116 94 136 2272
116 94 119 2272
116 281 118 2272
116 43 116 2272
117 43 855 1595
117 1529 849 1595
117 1530 133 1595
118 235 442 2490
118 728 268 2490
118 710 234 2490
118 230 149 2490
119 235 157 830
119 332 56 830
120 901 38 403
120 1177 28 403
120 438 26 403
121 438 75 497
121 728 57 497
121 728 33 497
122 728 95 1243
122 489 72 1243
123 731 770 2066
123 728 718 2066
123 574 203 2066
124 728 3148 3864
124 595 2436 3864
124 731 716 3864
124 123 712 3864
125 832 602 1327
125 1161 135 1327
125 1233 81 1327
126 883 32 346
127 890 244 4213
128 560 5 94
128 412 5 94
128 1470 5 94
129 146 24 415
129 460 22 415
129 689 21 415
129 1116 21 415
130 1299 105 435
130 1340 40 435
130 387 38 435
130 640 26 435
130 891 22 435
131 1201 1708 6801
131 267 1591 6801
131 1424 1119 6801
131 887 620 6801
132 439 465 2021
132 891 132 2021
133 876 2138 2711
133 876 260 2711
133 514 169 2711
134 1203 38 302
135 1203 41 148
135 134 40 148
136 923 884 2572
136 923 300 2572
136 938 262 2572
136 447 245 2572
136 764 244 2572
136 764 242 2572
136 673 231 2572
137 171 44 190
137 327 38 190
137 1521 21 190
138 892 81 524
138 693 67 524
139 168 57 482
139 689 26 482
140 275 1025 9122
140 693 959 9122
140 692 570 9122
140 1056 459 9122
141 460 88 616
141 1117 54 616
142 938 251 927
142 313 84 927
142 514 59 927
143 514 102 334
143 514 19 334
144 425 440 5840
144 823 367 5840
144 578 323 5840
145 1299 908 6089
145 640 454 6089
145 1340 409 6089
145 1010 402 6089
145 1156 394 6089
145 1302 373 6089
145 1193 368 6089
145 546 318 6089
145 537 317 6089
145 589 316 6089
146 1506 136 2170
147 1484 1716 6432
147 945 1481 6432
147 933 864 6432
147 703 819 6432
147 1310 674 6432
147 533 447 6432
148 533 60 68
148 533 6 68
149 675 4838 725
149 675 725 725
150 731 1030 3656
151 1203 230 341
151 153 106 341
151 1455 26 341
152 1455 241 1127
152 693 148 1127
153 693 90 599
153 593 90 599
153 705 90 599
153 1203 54 599
153 1549 37 599
153 1549 35 599
154 386 2522 2526
154 943 2521 2526
155 713 15 111
155 713 10 111
155 713 6 111
156 203 670 774
156 521 140 774
157 722 414 2372
157 259 276 2372
157 529 221 2372
157 1392 131 2372
158 1392 1004 648
158 1392 172 648
159 961 26 47
159 1241 18 47
159 32 11 47
160 535 1026 5631
160 1162 1015 5631
160 1001 732 5631
160 1542 710 5631
160 1185 481 5631
160 866 345 5631
161 1030 479 629
161 710 117 629
161 710 109 629
162 163 603 1412
162 922 190 1412
162 1038 129 1412
162 1500 72 1412
163 162 603 2742
163 922 259 2742
163 1038 144 2742
164 425 33 604
165 1299 362 1718
165 1001 317 1718
165 1347 120 1718
165 166 103 1718
165 537 94 1718
166 1299 479 2102
166 1001 250 2102
166 974 129 2102
167 891 221 576
167 439 214 576
167 439 60 576
168 689 670 3364
168 75 217 3364
169 337 278 239
169 1185 55 239
169 689 34 239
169 1181 29 239
169 84 20 239
169 1178 13 239
169 1183 13 239
170 792 37 357
171 1521 403 1169
172 728 3107 15833
173 228 122 323
174 1233 10 168
175 1233 1217 19216
175 1303 1029 19216
175 1233 1015 19216
176 172 177 1765
176 1516 165 1765
176 1185 143 1765
176 175 118 1765
176 832 98 1765
177 178 479 875
178 177 479 1795
179 1463 147 1814
179 1299 132 1814
179 1303 130 1814
179 1185 109 1814
180 1299 184 1305
180 1302 69 1305
181 1123 530 1227
181 1543 494 1227
181 876 227 1227
181 1106 133 1227
182 1106 437 1289
182 1145 127 1289
182 714 96 1289
182 673 92 1289
182 856 66 1289
183 1061 679 2140
183 377 494 2140
183 901 118 2140
184 720 1218 1144
184 720 1122 1144
185 669 127 1062
185 900 69 1062
185 1035 68 1062
185 1035 57 1062
186 1177 12 117
186 578 7 117
186 578 6 117
187 731 589 2686
187 731 327 2686
188 731 54 544
188 339 44 544
188 1303 32 544
188 280 29 544
189 960 282 429
189 920 114 429
189 674 26 429
190 832 399 1410
190 342 145 1410
190 50 118 1410
190 1233 84 1410
191 1233 18 40
191 1233 8 40
191 1145 5 40
192 366 273 1617
192 876 267 1617
192 1032 259 1617
192 833 241 1617
192 858 170 1617
192 1006 103 1617
192 919 86 1617
193 919 88 1442
194 1318 301 670
194 622 143 670
194 1126 140 670
194 197 83 670
195 456 727 1656
195 703 709 1656
195 539 690 1656
195 933 148 1656
196 200 750 4494
196 716 748 4494
197 194 83 275
197 1318 71 275
197 716 16 275
198 716 25 85
199 214 17 35
199 212 8 35
199 211 5 35
200 716 751 4663
200 196 750 4663
201 842 24 183
201 843 23 183
201 841 21 183
202 201 1612 50
202 201 31 50
203 156 670 925
204 156 27 150
204 990 21 150
204 638 18 150
204 1141 16 150
205 876 226 1226
205 366 215 1226
205 104 135 1226
205 1006 107 1226
205 1048 84 1226
205 919 83 1226
205 1121 67 1226
206 731 42 663
207 1482 249 333
207 1043 100 333
207 323 19 333
207 857 17 333
208 857 192 335
209 857 25 138
209 242 12 138
210 242 120 718
210 728 69 718
211 212 321 1176
211 214 84 1176
212 211 321 638
212 38 61 638
212 214 50 638
213 564 291 748
213 214 67 748
214 211 84 1264
214 706 84 1264
214 308 69 1264
215 1447 1146 914
215 545 63 914
216 1046 877 3774
216 240 389 3774
216 1253 305 3774
216 1556 225 3774
216 428 202 3774
217 728 40 358
217 938 33 358
217 731 29 358
218 1530 6 18
219 1530 335 2258
219 1530 160 2258
219 693 119 2258
220 1108 68 256
220 1126 30 256
221 1544 258 325
221 1552 63 325
222 1299 2257 9176
222 1340 2042 9176
222 1302 715 9176
222 777 709 9176
222 1193 547 9176
222 27 463 9176
223 574 1337 7520
223 731 1255 7520
223 227 787 7520
223 728 665 7520
224 1001 62 215
225 728 3616 4256
225 595 2993 4256
225 731 628 4256
225 223 625 4256
226 962 4282 49
226 462 9 49
227 223 787 3691
227 1422 647 3691
227 1422 288 3691
228 578 211 2799
229 830 1368 2826
229 18 1075 2826
229 883 484 2826
229 1471 210 2826
230 1201 197 2168
230 118 149 2168
231 527 27 67
231 463 13 67
231 235 10 67
232 876 575 2431
232 366 541 2431
232 104 330 2431
232 1006 187 2431
232 858 157 2431
232 1267 156 2431
232 313 123 2431
233 731 656 5176
233 396 598 5176
233 728 314 5176
233 732 272 5176
234 731 2723 2146
234 728 385 2146
234 396 384 2146
234 595 311 2146
234 595 116 2146
235 118 442 4014
235 545 222 4014
236 891 522 2462
236 1502 322 2462
237 1299 994 5021
237 259 641 5021
237 1082 409 5021
237 537 337 5021
238 368 661 3158
238 1028 652 3158
238 77 456 3158
239 808 810 1932
239 1147 474 1932
239 1001 172 1932
239 927 160 1932
240 1046 1964 9049
240 1253 1586 9049
240 428 964 9049
240 1556 888 9049
241 1556 329 941
241 540 151 941
242 540 276 2449
242 863 168 2449
243 863 1574 18238
243 863 1243 18238
243 402 951 18238
244 462 19 272
244 462 15 272
245 248 27 146
245 250 14 146
245 604 9 146
245 955 8 146
246 1299 69 1352
247 938 209 254
247 232 41 254
248 955 2608 2731
249 955 83 755
249 248 56 755
250 955 81 427
250 248 64 427
250 604 32 427
251 728 52 401
251 731 35 401
251 731 32 401
251 1539 24 401
252 478 733 1787
252 1433 589 1787
252 606 184 1787
253 293 15 118
253 293 10 118
253 650 9 118
253 650 8 118
253 333 6 118
253 560 6 118
254 462 112 724
254 828 67 724
254 405 50 724
255 731 1324 4591
255 1303 359 4591
256 751 164 2488
257 693 131 276
257 1177 131 276
257 1228 130 276
258 722 1850 3641
258 529 1354 3641
259 1299 1209 11509
259 722 795 11509
259 237 641 11509
260 535 667 1308
260 444 189 1308
260 784 159 1308
260 866 68 1308
261 262 637 1434
261 263 408 1434
261 1177 302 1434
262 261 637 411
262 263 182 411
263 261 408 585
263 262 182 585
264 259 235 2135
264 722 159 2135
264 1392 120 2135
265 606 152 704
265 1433 49 704
265 859 44 704
266 700 254 1945
266 1303 219 1945
267 1201 1591 6845
267 131 1591 6845
267 1424 1031 6845
267 887 569 6845
268 1096 947 2473
268 1356 525 2473
268 777 223 2473
268 1299 187 2473
268 1340 171 2473
268 1302 151 2473
269 41 533 4622
269 545 364 4622
270 545 171 1754
270 1299 124 1754
270 269 112 1754
270 403 104 1754
271 521 755 794
271 545 68 794
272 1159 541 2218
272 273 180 2218
273 272 180 1108
273 1159 131 1108
274 741 164 1617
274 991 118 1617
274 1516 83 1617
274 1041 81 1617
275 693 3000 18610
275 692 1847 18610
275 140 1025 18610
275 928 1024 18610
276 545 10 18
276 1299 6 18
276 579 6 18
276 387 6 18
277 464 34 347
278 728 2524 3160
278 595 1890 3160
278 731 635 3160
279 731 162 1697
280 339 100 1029
280 731 77 1029
280 731 60 1029
281 1463 1339 13912
281 1463 1085 13912
281 631 906 13912
281 243 885 13912
281 43 862 13912
281 43 824 13912
281 43 823 13912
281 1056 775 13912
281 175 773 13912
281 402 748 13912
281 1233 735 13912
281 847 732 13912
281 1303 731 13912
282 1465 145 1092
282 631 94 1092
282 489 80 1092
282 489 73 1092
282 1466 62 1092
282 284 59 1092
283 1177 1308 1529
283 805 117 1529
284 1466 530 3341
284 631 217 3341
284 489 193 3341
284 92 182 3341
285 92 166 881
285 1145 52 881
285 432 46 881
286 1366 13 41
286 1374 5 41
286 1203 5 41
287 974 472 2568
287 1299 330 2568
287 579 200 2568
287 1056 163 2568
288 1299 1917 7877
288 537 824 7877
288 1193 399 7877
289 521 900 6075
289 1502 814 6075
290 460 311 2024
290 1117 227 2024
290 1116 103 2024
291 489 125 1969
292 269 801 569
292 41 65 569
292 270 57 569
292 545 52 569
293 333 339 1579
293 333 94 1579
293 333 82 1579
294 938 327 443
294 378 24 443
294 1099 23 443
295 1299 57 221
295 1193 26 221
295 382 22 221
295 1340 22 221
295 1347 15 221
295 589 12 221
296 560 276 2542
296 93 183 2542
296 724 159 2542
296 412 148 2542
297 412 5 48
297 412 5 48
298 850 242 175
299 850 6381 126
300 342 258 2815
300 681 242 2815
300 402 242 2815
300 680 232 2815
301 336 471 2068
301 440 176 2068
301 396 142 2068
302 98 2543 1804
302 669 192 1804
303 606 1884 940
303 1433 63 940
303 1299 58 940
303 478 50 940
304 1176 452 1554
304 731 109 1554
304 1233 80 1554
305 561 711 3037
305 1299 641 3037
305 579 247 3037
305 537 222 3037
305 1340 204 3037
305 574 194 3037
305 975 154 3037
306 447 89 603
306 578 73 603
306 1070 61 603
306 966 34 603
307 966 462 466
307 1430 75 466
307 333 29 466
308 327 13519 2731
308 706 542 2731
309 721 126 296
309 997 83 296
309 1434 69 296
309 485 29 296
310 545 327 1453
310 1283 311 1453
310 955 91 1453
311 1467 806 5628
311 342 723 5628
311 626 529 5628
311 1463 439 5628
311 744 328 5628
312 606 175 782
312 478 91 782
312 1433 90 782
312 1299 49 782
313 876 509 4264
313 1032 442 4264
313 833 321 4264
313 366 319 4264
313 104 275 4264
313 1121 246 4264
314 92 97 1442
314 92 77 1442
315 1517 8 8
315 693 8 8
316 392 854 241
317 392 17 31
317 1108 7 31
318 1036 704 3269
318 1080 602 3269
318 1342 424 3269
318 1035 352 3269
318 452 290 3269
318 1038 218 3269
319 1038 527 386
319 1038 191 386
319 1038 134 386
320 731 569 1722
320 1303 237 1722
321 1491 121 193
321 641 59 193
322 641 352 2510
322 593 128 2510
323 1043 701 1629
323 857 571 1629
323 1482 566 1629
323 1403 217 1629
324 974 52 528
324 57 46 528
324 1414 43 528
324 630 35 528
325 1322 98 220
325 1322 54 220
326 806 1909 8192
327 308 13519 2662
327 706 301 2662
328 706 1157 184
328 1228 15 184
329 731 1002 4633
329 728 853 4633
330 728 4122 4964
330 595 3282 4964
330 731 842 4964
330 329 840 4964
331 1229 9 63
332 71 7486 12731
332 333 757 12731
333 333 1281 7360
333 332 757 7360
334 894 526 364
334 1260 199 364
334 1111 92 364
335 1203 25 98
335 752 11 98
335 372 10 98
335 418 9 98
335 753 8 98
335 642 8 98
335 705 6 98
335 1492 5 98
336 301 471 1067
336 1299 81 1067
336 891 77 1067
336 439 71 1067
337 689 140 644
338 728 1715 2155
338 595 1281 2155
338 731 434 2155
339 731 156 1318
339 1303 103 1318
339 280 100 1318
340 280 10 167
341 1185 2374 266
342 731 8695 38538
342 595 4727 38538
342 1463 2886 38538
342 728 2116 38538
343 342 158 1863
343 425 121 1863
344 865 54 1006
345 1235 653 1335
345 700 650 1335
345 689 81 1335
346 731 3227 2504
346 700 383 2504
346 700 209 2504
346 685 207 2504
347 1038 208 642
347 92 93 642
347 1035 71 642
348 1315 818 318
348 320 107 318
349 578 112 1757
350 578 1313 5094
350 447 804 5094
350 1474 570 5094
350 416 564 5094
350 1155 486 5094
350 460 482 5094
351 1001 400 6509
352 1040 85 992
353 1040 94 1051
353 92 91 1051
353 832 79 1051
353 50 60 1051
353 1038 58 1051
354 1038 112 316
355 1038 306 2794
356 901 50 445
356 900 29 445
356 438 29 445
356 1173 25 445
357 1489 105 51
357 456 15 51
357 456 12 51
357 693 6 51
357 1479 6 51
357 1123 5 51
358 623 198 540
358 602 52 540
358 602 40 540
358 673 30 540
358 545 28 540
359 545 1930 7169
359 545 477 7169
359 593 440 7169
360 772 613 94
360 1203 5 94
360 1137 5 94
361 1203 350 680
362 1299 1010 5160
362 537 536 5160
362 974 403 5160
362 1142 334 5160
362 1340 334 5160
363 507 216 908
364 376 2010 2352
364 1001 719 2352
364 662 259 2352
364 576 201 2352
364 351 120 2352
365 1348 145 437
365 1177 93 437
366 876 560 3337
366 232 541 3337
366 514 335 3337
366 313 319 3337
366 192 273 3337
366 1146 225 3337
366 205 215 3337
367 1028 264 3115
367 368 215 3115
368 1028 1309 6296
368 238 661 6296
368 798 598 6296
368 77 579 6296
369 1177 52 344
370 1177 92 1379
370 832 72 1379
371 1492 11 22
371 372 9 22
371 961 8 22
371 752 5 22
372 1492 30 512
373 901 1363 8087
373 901 1184 8087
373 1235 870 8087
373 497 870 8087
373 497 606 8087
374 1299 1565 2611
374 1340 1001 2611
374 1096 851 2611
375 1516 139 1937
375 741 138 1937
376 364 2010 2479
376 1001 967 2479
376 576 230 2479
376 351 147 2479
377 183 494 6284
378 938 693 1493
378 1436 387 1493
379 710 27 254
379 669 20 254
380 669 71 660
380 755 35 660
381 1385 224 768
382 545 4798 11548
382 397 953 11548
382 403 596 11548
383 731 156 1199
383 731 67 1199
384 545 417 991
384 382 194 991
384 403 112 991
384 269 89 991
385 1340 209 1675
385 439 122 1675
385 1299 112 1675
386 154 2522 2642
386 943 2521 2642
387 943 937 11265
387 1299 640 11265
387 439 607 11265
388 389 17 147
388 389 9 147
389 393 231 820
389 393 217 820
390 1001 192 1373
390 1299 166 1373
390 537 128 1373
391 537 30 209
392 316 854 259
393 389 231 858
393 389 82 858
393 1159 60 858
394 663 1963 70
395 663 22 92
395 418 10 92
395 693 9 92
395 640 8 92
396 731 1500 8864
396 1323 1417 8864
396 233 598 8864
396 732 541 8864
396 1129 499 8864
397 545 1974 8686
397 382 953 8686
397 1238 439 8686
398 1303 115 147
398 689 10 147
398 689 9 147
398 1019 9 147
399 731 1230 550
399 728 63 550
399 595 34 550
400 595 580 11447
401 1364 216 501
401 1363 35 501
401 817 27 501
402 817 1179 17989
402 1233 1093 17989
402 243 951 17989
402 175 942 17989
402 1303 919 17989
403 545 1475 5912
403 1238 765 5912
403 382 596 5912
404 418 152 296
404 1299 36 296
404 1532 26 296
404 1438 16 296
404 798 16 296
404 240 15 296
405 462 221 1301
405 1229 130 1301
405 91 77 1301
406 576 664 712
406 574 54 712
407 1189 83 298
407 1062 40 298
407 1061 33 298
407 1061 28 298
407 1289 25 298
408 1189 3977 234
408 1061 15 234
409 1215 113 195
409 1294 86 195
409 1086 20 195
410 1086 128 1195
410 1123 113 1195
410 938 105 1195
410 876 92 1195
410 1543 81 1195
411 499 59 1010
412 560 2812 11183
412 724 976 11183
412 425 706 11183
413 412 460 865
413 560 183 865
413 724 95 865
413 92 51 865
413 94 45 865
414 418 36 190
414 798 29 190
414 798 18 190
415 1303 519 1255
416 447 873 3614
416 578 798 3614
416 350 564 3614
416 1155 514 3614
416 460 306 3614
417 689 820 10647
417 1233 742 10647
418 1299 1258 19705
419 418 233 35
419 798 20 35
419 1094 8 35
419 1299 7 35
420 1299 35 74
420 446 8 74
420 1120 6 74
420 1001 5 74
420 883 5 74
420 1193 5 74
421 557 22 30
421 954 16 30
421 327 8 30
421 80 6 30
422 938 153 1198
422 462 104 1198
423 938 611 548
423 422 81 548
423 462 43 548
423 1167 40 548
424 58 1326 3170
424 460 379 3170
424 59 290 3170
425 1201 1150 21510
426 1201 213 215
427 1440 335 739
427 938 267 739
427 1005 119 739
427 1436 44 739
428 240 964 4236
428 1046 851 4236
428 1253 800 4236
429 673 12 129
429 560 12 129
429 515 12 129
429 724 11 129
430 1001 1420 3811
430 1073 448 3811
430 576 211 3811
430 1347 192 3811
431 430 98 641
431 1512 95 641
431 1001 50 641
432 1001 109 1220
432 438 83 1220
432 1145 64 1220
433 1145 39 38
433 704 38 38
434 704 16 45
434 172 16 45
434 172 6 45
434 1203 5 45
435 46 502 52
435 46 12 52
435 1409 7 52
435 443 5 52
436 463 103 215
436 463 62 215
437 480 16 140
437 809 16 140
437 479 16 140
438 900 855 10422
438 847 637 10422
438 901 551 10422
439 731 4663 16227
439 891 2067 16227
440 731 530 1610
440 988 337 1610
440 301 176 1610
441 1223 46 60
441 1415 30 60
441 1335 15 60
442 1023 73 200
442 718 33 200
442 1203 16 200
443 456 264 2495
443 1479 264 2495
443 539 259 2495
443 1184 255 2495
443 739 192 2495
444 260 189 2775
445 1500 78 1426
446 1299 4765 13596
446 640 2865 13596
446 1302 1423 13596
446 1340 1046 13596
447 578 2385 13104
447 416 873 13104
448 731 984 3063
448 728 909 3063
448 574 526 3063
449 731 950 6920
449 728 710 6920
449 496 406 6920
449 595 379 6920
450 451 989 895
450 563 112 895
451 450 989 930
451 563 150 930
452 1038 1386 6660
452 1035 1074 6660
452 1036 558 6660
453 728 3969 4758
453 595 3180 4758
453 731 790 4758
453 448 788 4758
454 448 329 3778
454 1056 218 3778
455 553 541 1484
455 1287 416 1484
455 1288 394 1484
455 578 112 1484
456 539 4648 15136
456 1479 4589 15136
456 703 3404 15136
456 1184 1743 15136
457 418 101 457
457 798 48 457
457 806 46 457
457 562 45 457
457 1022 44 457
457 229 41 457
457 593 32 457
457 1532 24 457
458 92 202 360
458 94 37 360
458 572 22 360
459 572 74 190
459 1197 69 190
459 1108 26 190
459 1045 11 190
460 578 929 15725
461 460 126 1534
462 938 1422 10454
462 1229 1370 10454
463 235 56 641
463 527 42 641
464 875 556 4882
464 1269 320 4882
464 439 264 4882
465 439 1444 369
466 650 4772 1809
466 650 139 1809
466 900 115 1809
466 900 110 1809
466 438 110 1809
466 377 96 1809
467 275 180 2767
467 1299 174 2767
467 1299 155 2767
468 1299 388 3590
468 275 252 3590
468 693 227 3590
468 537 190 3590
469 1015 743 3139
469 1015 564 3139
469 1015 300 3139
469 693 196 3139
470 731 661 461
471 1299 1033 8872
471 693 656 8872
471 777 652 8872
471 692 497 8872
471 1340 476 8872
472 1340 691 429
472 960 48 429
473 588 342 756
473 809 256 756
473 517 131 756
473 903 126 756
473 1508 94 756
474 693 4353 5863
474 692 1904 5863
474 541 1240 5863
474 928 1060 5863
474 1311 453 5863
475 731 12 39
475 476 11 39
475 728 11 39
475 1185 9 39
476 728 5996 15172
476 731 4735 15172
476 342 1287 15172
476 1185 1186 15172
476 1518 1181 15172
476 1041 866 15172
477 1519 1221 3608
477 731 1198 3608
477 728 1187 3608
477 1518 1156 3608
478 1433 6717 13500
478 606 875 13500
478 252 733 13500
479 1086 54 286
479 480 47 286
479 809 22 286
479 1294 16 286
480 1086 85 348
480 479 47 348
481 479 224 2271
482 417 25758 213
483 417 115 1602
483 417 102 1602
484 418 27 228
484 1502 27 228
484 1041 19 228
484 798 16 228
485 997 70 192
485 549 60 192
485 721 29 192
485 309 29 192
486 1189 90 1279
486 1061 70 1279
486 1541 68 1279
487 1177 104 209
487 693 59 209
487 805 28 209
487 488 21 209
487 283 17 209
487 1137 14 209
488 487 21 170
488 753 11 170
489 631 648 9587
490 731 3353 7192
490 728 604 7192
491 639 60 7
491 693 7 7
492 1307 401 176
492 1303 26 176
492 689 23 176
492 545 16 176
492 690 16 176
492 1238 9 176
492 333 9 176
493 1303 731 1331
493 887 301 1331
493 1307 80 1331
494 731 2596 5190
494 595 2596 5190
494 490 2594 5190
495 1549 11 58
495 1549 5 58
496 449 406 4128
496 689 328 4128
497 499 1398 8898
497 1438 519 8898
498 1046 187 1230
498 240 69 1230
498 1556 69 1230
498 689 63 1230
499 497 1398 7175
499 1438 494 7175
499 689 385 7175
500 501 149 1882
500 602 124 1882
500 731 119 1882
501 545 306 964
501 500 149 964
502 454 110 792
502 462 57 792
502 1440 50 792
503 775 2561 13444
503 523 1054 13444
503 773 679 13444
504 1390 31 44
504 718 15 44
504 1203 11 44
505 699 868 1768
505 1009 353 1768
505 693 162 1768
506 1303 404 4110
507 363 216 507
508 363 94 661
509 689 20 347
510 150 298 1639
510 150 84 1639
511 1482 14 27
511 857 9 27
511 1472 6 27
512 526 157 1429
512 526 118 1429
513 1551 14 204
513 139 11 204
514 938 436 3113
514 366 335 3113
514 876 277 3113
514 1032 215 3113
514 1146 179 3113
514 858 171 3113
514 133 169 3113
515 560 1606 6913
515 673 1398 6913
515 724 1333 6913
515 1201 919 6913
516 901 62 356
516 900 26 356
516 356 20 356
516 438 18 356
517 809 163 646
517 588 138 646
517 473 131 646
517 1508 83 646
517 903 35 646
518 519 339 620
518 699 70 620
518 1379 54 620
519 1379 2360 3106
519 699 639 3106
519 1299 227 3106
520 326 1374 3726
520 806 1116 3726
521 289 900 4526
521 289 289 4526
522 280 35 267
522 339 28 267
522 188 18 267
523 775 1147 2750
523 503 1054 2750
524 467 56 311
524 467 36 311
525 1299 3373 9775
525 1302 1557 9775
525 640 1545 9775
525 1340 610 9775
525 537 504 9775
526 537 179 651
526 512 157 651
526 1116 60 651
527 235 79 1086
528 535 228 688
528 689 93 688
528 418 44 688
529 722 3137 8816
529 258 1354 8816
530 806 85 298
530 1126 35 298
531 1203 14 124
531 722 7 124
532 439 1623 1128
532 875 88 1128
533 147 447 1206
533 703 319 1206
533 1310 238 1206
533 945 158 1206
533 81 102 1206
533 1484 79 1206
534 1484 39 708
534 693 39 708
535 1185 1083 18895
536 689 216 631
536 84 185 631
536 109 98 631
536 535 93 631
537 1299 25220 72714
537 1193 6676 72714
537 1340 5521 72714
537 1302 5325 72714
537 589 4432 72714
538 693 19 200
539 456 4648 11647
539 703 2726 11647
539 1479 2497 11647
539 1184 1495 11647
540 243 1163 5694
541 693 44196 79491
541 692 28441 79491
541 928 20767 79491
541 1311 10493 79491
542 342 888 3558
542 731 705 3558
542 728 668 3558
542 476 485 3558
542 797 198 3558
543 342 217 1288
543 1467 197 1288
543 731 95 1288
544 806 133 528
544 1094 59 528
544 1094 30 528
545 382 4798 27409
545 397 1974 27409
545 403 1475 27409
546 1299 419 3679
546 1010 323 3679
546 145 318 3679
546 1358 269 3679
546 589 263 3679
546 537 248 3679
546 640 244 3679
546 1193 241 3679
546 446 231 3679
546 1340 205 3679
546 1302 186 3679
547 1349 1128 2393
547 1349 1077 2393
548 1077 120 465
548 689 34 465
549 997 108 182
549 485 60 182
549 721 41 182
549 1434 10 182
549 309 10 182
550 100 1079 275
551 100 397 1810
551 909 142 1810
552 1299 583 4773
552 963 393 4773
553 1288 13466 4265
553 455 541 4265
554 1053 1070 5363
555 554 1093 459
555 1053 84 459
556 144 122 487
556 425 30 487
556 578 30 487
557 954 102 185
557 327 25 185
557 421 22 185
557 80 17 185
557 693 12 185
558 731 1008 1100
559 545 30 185
560 724 2839 16412
560 412 2812 16412
560 673 1954 16412
560 515 1606 16412
560 1201 964 16412
561 1299 10024 29456
561 579 2870 29456
561 640 2497 29456
561 1302 2219 29456
561 1193 1988 29456
561 975 1800 29456
561 574 1754 29456
561 1340 1624 29456
562 806 110 1448
563 451 150 333
563 450 112 333
564 213 291 162
564 212 11 162
565 212 336 753
566 1203 175 183
566 151 173 183
567 151 9 26
568 863 140 285
568 874 23 285
569 1504 139 1092
569 1235 106 1092
569 1235 83 1092
569 1056 66 1092
570 1385 41 812
571 1385 7 30
571 951 7 30
572 951 121 1702
573 1299 561 2952
573 576 378 2952
573 579 327 2952
573 1001 250 2952
573 574 199 2952
573 1340 167 2952
574 576 11493 57055
574 1299 8045 57055
574 1001 5828 57055
574 579 3853 57055
574 1088 3384 57055
575 577 689 369
575 579 90 369
575 1065 29 369
575 1030 24 369
575 1233 20 369
576 1001 13285 79680
576 574 11493 79680
576 1299 11488 79680
576 579 8494 79680
576 1088 5997 79680
577 575 689 1085
577 579 147 1085
577 228 69 1085
577 1065 60 1085
578 579 2781 36126
578 447 2385 36126
579 1299 13452 70577
579 576 8494 70577
579 574 3853 70577
579 1001 3777 70577
580 576 280 738
580 579 137 738
580 574 83 738
580 1088 59 738
580 974 58 738
580 1001 54 738
580 1299 49 738
581 1299 797 4805
581 576 773 4805
581 1340 665 4805
581 974 491 4805
581 579 444 4805
581 574 403 4805
581 1088 373 4805
581 1001 297 4805
582 1203 913 87
582 1456 87 87
583 806 194 2424
584 200 37 128
584 200 15 128
585 200 121 591
585 1177 37 591
585 805 33 591
586 941 1490 1497
586 598 1490 1497
587 927 322 265
587 239 95 265
587 1147 36 265
587 808 30 265
588 903 395 1808
588 473 342 1808
588 809 281 1808
588 912 223 1808
588 1508 106 1808
589 1299 13602 38444
589 1193 5377 38444
589 537 4432 38444
589 1340 3672 38444
589 1302 2822 38444
590 389 94 654
590 731 72 654
590 731 62 654
590 279 61 654
591 535 73 300
591 140 26 300
592 728 1662 2037
592 595 1287 2037
592 731 375 2037
593 731 1740 9223
593 1104 927 9223
594 576 1032 1793
594 574 430 1793
594 1001 258 1793
594 579 197 1793
594 1088 184 1793
594 1299 120 1793
595 731 124602 316441
595 728 93572 316441
596 576 1253 1217
596 579 1193 1217
597 63 620 1056
597 578 87 1056
598 941 2133 2265
599 1430 1004 3165
599 1430 697 3165
599 1430 269 3165
600 400 160 1518
600 901 99 1518
600 243 97 1518
601 901 6 91
602 545 245 4750
602 891 243 4750
603 1181 6 18
603 1299 5 18
604 955 53 750
605 955 150 794
605 259 40 794
606 1433 916 7538
606 478 875 7538
606 1299 426 7538
607 870 808 1925
607 1243 588 1925
607 869 310 1925
608 1381 38 140
608 418 10 140
609 900 444 1256
609 901 226 1256
609 438 73 1256
610 438 197 2936
611 438 394 3083
611 1430 161 3083
612 652 2602 7729
612 653 2602 7729
612 1383 2590 7729
612 731 2537 7729
613 731 517 1159
613 611 59 1159
614 1328 556 1009
614 1328 439 1009
615 1328 491 3075
615 902 338 3075
616 731 1314 2318
616 1303 294 2318
616 1161 277 2318
617 665 6 35
617 1320 5 35
618 619 9 26
619 418 27 193
619 753 22 193
619 1492 20 193
620 933 348 341
620 703 95 341
620 147 76 341
620 1484 70 341
620 98 30 341
620 98 25 341
620 81 20 341
621 722 268 673
621 1366 203 673
622 1126 1580 5189
622 1203 1280 5189
623 784 90 1282
623 815 82 1282
623 1041 80 1282
624 731 501 2540
624 595 162 2540
625 605 82 213
625 605 42 213
626 311 529 2120
626 1463 238 2120
626 342 221 2120
626 449 127 2120
626 1467 126 2120
626 681 111 2120
627 39 113 1311
628 806 70 324
628 544 67 324
628 544 27 324
629 1343 721 198
630 693 1573 7995
630 692 805 7995
631 281 906 12866
631 882 667 12866
631 489 648 12866
632 445 189 801
632 1500 72 801
632 552 55 801
632 963 50 801
633 963 68 663
634 329 50 257
634 836 43 257
634 187 39 257
634 1232 33 257
634 339 19 257
635 339 130 200
635 339 54 200
636 890 120 824
636 127 65 824
636 578 46 824
637 150 16 212
638 576 246 837
638 1001 87 837
638 574 72 837
638 640 72 837
638 579 70 837
638 1088 62 837
638 1299 58 837
638 1299 42 837
639 722 477 1787
639 529 120 1787
640 1299 25163 57814
640 1302 7797 57814
640 1340 4756 57814
641 1491 246 143
641 321 59 143
642 1492 20 181
642 418 14 181
643 604 17 72
643 604 12 72
643 955 10 72
644 798 8800 23
644 799 10 23
644 238 8 23
645 1299 5582 20936
645 1193 3293 20936
645 1302 2704 20936
645 1001 2359 20936
645 1340 2277 20936
645 27 1707 20936
645 1114 1163 20936
645 537 1127 20936
646 693 61 72
646 1374 10 72
646 1101 9 72
646 1366 8 72
646 478 5 72
646 1433 5 72
646 1189 5 72
647 685 839 976
648 73 82 814
648 73 77 814
649 753 14 66
649 372 11 66
649 1101 8 66
649 1366 5 66
649 705 5 66
650 705 1132 5121
651 1415 99 228
651 1223 49 228
651 693 28 228
651 748 15 228
652 653 2607 7729
652 612 2602 7729
652 1383 2590 7729
652 731 2537 7729
653 652 2607 7729
653 612 2602 7729
653 1383 2590 7729
653 731 2537 7729
654 731 832 1934
654 728 693 1934
654 574 295 1934
654 255 100 1934
655 924 58 253
655 403 16 253
656 649 87 51
656 425 8 51
656 1366 5 51
657 1366 848 194
658 1366 140 279
658 693 137 279
658 1280 136 279
659 1366 15 242
660 705 31 86
660 1203 12 86
660 1126 10 86
661 659 27 39
661 753 6 39
661 1112 6 39
661 1366 5 39
662 1001 301 3376
663 394 1963 21
663 394 6 21
663 394 5 21
664 622 358 381
664 1126 314 381
665 731 576 1681
665 728 549 1681
666 1388 129 404
666 883 51 404
666 18 33 404
667 693 23 58
667 974 21 58
667 329 10 58
667 14 8 58
667 692 5 58
668 1520 171 911
668 891 120 911
668 728 120 911
668 878 87 911
669 1008 689 12412
670 669 77 797
671 676 134 409
671 728 55 409
671 728 22 409
672 1333 155 1026
672 876 136 1026
672 76 95 1026
672 1123 92 1026
672 1032 85 1026
672 1386 76 1026
673 560 1954 13551
673 560 1581 13551
673 724 1467 13551
673 1201 815 13551
674 920 767 3265
674 1162 721 3265
674 1027 240 3265
674 960 179 3265
675 960 66 680
676 960 78 1168
677 960 110 349
677 960 66 349
677 676 41 349
678 1299 6 11
678 1307 5 11
679 728 2561 3112
679 595 2013 3112
679 731 550 3112
679 665 549 3112
680 665 645 6868
681 342 952 5109
681 1094 482 5109
682 1095 131 258
682 1094 74 258
682 806 14 258
683 728 282 1717
683 731 275 1717
683 578 122 1717
683 579 103 1717
684 683 2205 135
684 118 135 135
685 1185 725 10409
685 1463 649 10409
686 1185 1458 6428
686 1463 1168 6428
687 1463 2729 4905
687 688 791 4905
688 687 791 2347
688 687 764 2347
688 731 158 2347
689 84 6417 51017
690 689 2015 5116
690 85 884 5116
690 84 702 5116
691 693 317 392
691 692 107 392
691 1065 73 392
691 541 35 392
691 928 32 392
692 693 97149 118790
692 541 28441 118790
692 928 26869 118790
692 1311 13835 118790
693 692 97149 213839
693 928 44372 213839
693 541 44196 213839
694 692 377 1307
694 693 325 1307
694 928 254 1307
694 541 211 1307
694 1311 190 1307
695 693 1972 3099
695 692 875 3099
695 541 737 3099
695 1311 510 3099
695 928 479 3099
696 692 342 4409
696 56 320 4409
696 693 251 4409
697 693 80 202
697 692 38 202
697 275 22 202
697 579 20 202
697 576 17 202
697 573 17 202
697 1299 16 202
697 640 15 202
697 928 13 202
697 574 12 202
698 1299 578 5849
698 726 539 5849
698 1195 369 5849
698 1008 298 5849
699 1009 1061 12514
699 1299 984 12514
699 505 868 12514
700 731 2551 7878
700 1235 736 7878
701 1235 444 1550
702 731 24 286
703 456 3404 11172
703 539 2726 11172
703 933 2523 11172
703 147 819 11172
704 147 103 211
704 1203 47 211
705 1126 1152 2120
706 308 542 1496
706 327 301 1496
707 689 449 3889
707 84 317 3889
708 138 36 63
708 693 30 63
708 892 19 63
708 98 7 63
708 1190 7 63
709 862 357 1069
709 874 247 1069
709 863 160 1069
709 400 81 1069
710 1303 1139 6463
710 847 838 6463
711 731 865 2517
711 728 570 2517
712 744 353 2142
712 311 191 2142
712 1041 131 2142
712 65 109 2142
713 1203 125 809
713 1203 54 809
713 1203 42 809
714 1203 965 4499
714 1038 369 4499
714 1035 260 4499
715 89 30 40
716 200 751 5027
716 196 748 5027
717 539 27 72
717 456 7 72
717 1479 6 72
718 1203 217 614
719 1299 1107 2371
719 699 468 2371
719 33 121 2371
720 184 1218 1204
720 184 1170 1204
721 997 148 314
721 309 126 314
721 549 41 314
721 485 29 314
721 1434 23 314
722 1366 7532 17785
722 529 3137 17785
722 258 1850 17785
723 938 471 936
723 514 102 936
723 1167 82 936
723 1105 69 936
723 967 60 936
724 560 2839 12505
724 673 1467 12505
724 515 1333 12505
724 412 976 12505
724 1201 818 12505
725 699 518 1316
725 1437 324 1316
726 1299 642 5132
726 698 539 5132
726 1195 509 5132
726 1423 265 5132
727 1123 533 161
727 1493 32 161
727 876 23 161
727 228 16 161
728 595 93572 266521
728 731 64721 266521
729 731 423 1554
729 728 376 1554
729 732 151 1554
730 731 2557 288
730 1033 281 288
731 595 124602 424541
731 728 64721 424541
732 396 541 3465
732 1323 382 3465
732 731 370 3465
732 233 272 3465
732 733 272 3465
732 1129 218 3465
733 732 272 1258
733 396 176 1258
733 731 145 1258
734 728 2274 2285
734 925 1536 2285
735 1462 283 1067
735 1481 262 1067
736 1137 20 118
736 901 16 118
736 438 9 118
736 900 7 118
736 1095 7 118
737 798 244 1211
737 489 165 1211
737 489 103 1211
737 1299 99 1211
737 1094 90 1211
737 631 76 1211
738 739 23 184
738 1479 15 184
738 456 12 184
738 539 11 184
739 456 256 2475
739 539 246 2475
739 1479 242 2475
739 1184 216 2475
739 443 192 2475
740 718 145 112
741 731 196 2661
741 595 195 2661
741 728 180 2661
741 274 164 2661
741 1516 153 2661
741 375 138 2661
742 847 365 1912
743 1001 48 276
743 1065 41 276
744 1303 860 3815
744 712 353 3815
744 311 328 3815
744 1041 238 3815
744 65 236 3815
744 1516 204 3815
745 731 66 532
746 731 36 387
746 957 23 387
746 693 22 387
747 574 1011 2660
747 1299 292 2660
747 1001 194 2660
747 576 186 2660
748 693 92 200
748 1415 37 200
748 651 15 200
748 1223 12 200
749 74 12 101
749 1526 9 101
749 1526 7 101
750 264 22 186
751 890 258 4355
752 1494 23 181
752 1495 21 181
752 1203 18 181
752 961 16 181
752 642 15 181
752 1492 13 181
752 418 12 181
752 335 11 181
753 1203 49 331
753 705 19 331
753 1495 17 331
754 418 16 138
754 1495 13 138
754 1203 10 138
755 332 3890 1654
755 707 782 1654
755 71 237 1654
756 1126 121 177
756 622 24 177
756 1225 14 177
757 1 3470 496
757 1 496 496
758 2 2319 300
758 2 300 300
759 2 3184 483
759 2 483 483
760 728 2572 3256
760 595 1890 3256
760 731 683 3256
761 731 694 4340
761 728 605 4340
761 503 321 4340
762 1512 11 93
762 853 8 93
762 326 8 93
763 728 2400 3001
763 595 1800 3001
763 761 601 3001
763 731 600 3001
764 923 775 2341
764 923 250 2341
764 136 244 2341
764 447 240 2341
764 447 240 2341
764 938 235 2341
764 673 231 2341
765 418 55 43
766 178 18 91
767 806 9020 1411
767 806 133 1411
767 1256 113 1411
768 1256 148 1172
768 728 100 1172
769 1233 43 343
769 832 21 343
770 895 775 486
770 258 43 486
770 1299 34 486
770 1340 29 486
770 259 28 486
770 537 28 486
770 722 27 486
771 1094 430 1931
772 360 613 25
772 1203 5 25
772 1137 5 25
773 503 679 1505
773 775 315 1505
773 523 124 1505
774 523 29 238
775 503 2561 9891
775 523 1147 9891
775 1001 824 9891
776 1299 614 3457
776 1340 340 3457
776 1193 224 3457
776 561 207 3457
777 1299 4486 17226
777 1340 2746 17226
777 1302 1421 17226
778 1366 729 1075
778 1366 103 1075
779 1094 606 6180
779 1299 430 6180
780 1299 138 1406
781 1548 166 643
781 782 73 643
782 1548 1828 320
782 781 73 320
782 781 45 320
782 693 23 320
783 417 134 1047
783 1233 83 1047
784 1398 942 8933
784 991 523 8933
784 1504 456 8933
785 1504 1216 235
786 856 22 61
786 856 21 61
786 856 11 61
786 1145 5 61
787 1526 90 248
787 1530 28 248
787 1527 27 248
787 117 24 248
787 117 17 248
787 1529 14 248
788 1529 64 306
788 1107 39 306
788 1107 20 306
788 57 17 306
789 57 237 2107
790 1086 15 74
790 1294 12 74
790 1215 6 74
790 480 5 74
790 1507 5 74
790 479 5 74
791 462 141 998
791 405 52 998
792 1300 291 1157
793 1123 9 102
793 410 9 102
793 133 7 102
793 876 7 102
794 1094 522 2978
794 1095 190 2978
794 806 166 2978
794 891 151 2978
795 478 855 1495
795 1433 334 1495
795 953 159 1495
796 1415 48 153
796 748 47 153
797 342 675 2118
797 731 351 2118
797 595 289 2118
797 542 198 2118
797 728 149 2118
798 418 3502 11960
799 798 11 10
799 644 10 10
800 801 46 74
801 801 26 272
802 761 143 2039
803 693 15 36
803 693 11 36
803 1213 6 36
803 659 6 36
804 1473 2452 112
804 350 18 112
805 1486 1451 3248
805 1177 542 3248
806 1094 1183 22623
807 1094 1963 2205
807 1540 252 2205
807 1360 208 2205
807 1430 142 2205
807 1035 119 2205
808 239 810 948
808 1147 259 948
808 927 107 948
809 588 281 1009
809 473 256 1009
809 517 163 1009
809 903 107 1009
809 1508 83 1009
810 393 26 113
810 393 15 113
811 1233 126 914
811 1233 65 914
812 1233 101 19
813 1233 70 309
813 1095 38 309
813 1094 25 309
813 1094 20 309
813 693 18 309
814 731 702 2469
814 728 634 2469
814 574 166 2469
815 84 1728 9159
815 689 1116 9159
816 576 58 422
816 747 30 422
816 905 29 422
816 1001 28 422
816 1299 27 422
817 1364 162 708
817 1364 120 708
818 1364 386 914
819 1364 47 293
819 813 15 293
820 728 3064 3693
820 595 2433 3693
820 731 630 3693
820 814 630 3693
821 1299 1300 3063
821 27 438 3063
821 1302 280 3063
821 1340 244 3063
821 561 166 3063
821 1371 162 3063
822 832 132 1817
822 1233 94 1817
823 144 367 1256
823 425 85 1256
823 815 83 1256
824 1210 28 553
825 177 8 72
826 731 401 1446
826 595 104 1446
826 771 91 1446
826 771 83 1446
827 79 289 1367
828 462 406 837
828 91 111 837
828 254 67 837
829 638 56 341
829 638 39 341
830 883 2084 4734
830 229 1368 4734
830 18 1190 4734
830 1471 333 4734
831 1543 556 1280
831 876 306 1280
831 1102 125 1280
831 1493 115 1280
831 1149 107 1280
831 1333 103 1280
831 1106 75 1280
832 731 2018 26774
832 1233 1585 26774
832 1185 1452 26774
833 313 321 1838
833 876 295 1838
833 104 247 1838
833 192 241 1838
833 1032 205 1838
833 1146 126 1838
833 858 118 1838
834 1083 420 2934
834 503 402 2934
834 806 160 2934
835 806 163 365
836 1231 68 345
836 634 43 345
836 1233 26 345
836 417 23 345
837 1233 9 20
837 836 5 20
838 836 12 133
839 836 21 131
839 1208 16 131
839 648 15 131
839 1246 15 131
840 1126 184 237
840 622 99 237
840 1318 12 237
841 842 47 142
841 843 47 142
841 201 21 142
842 843 633 229
842 841 47 229
842 201 24 229
843 842 633 237
843 841 47 237
843 201 23 237
844 728 2778 3512
844 595 2056 3512
844 731 724 3512
845 731 470 1431
845 728 468 1431
846 1449 222 619
846 1185 47 619
847 1303 1690 24734
848 418 7 23
848 832 7 23
848 887 6 23
849 731 1026 2604
849 578 270 2604
849 579 168 2604
849 728 138 2604
850 298 242 50
851 418 11 119
851 706 7 119
852 728 1670 2143
852 595 1203 2143
852 731 472 2143
852 845 468 2143
853 1512 205 1111
853 326 113 1111
853 51 73 1111
853 425 59 1111
854 1515 29 139
854 238 29 139
854 238 22 139
854 238 8 139
854 77 7 139
855 824 83 124
856 1145 1028 4183
856 1145 918 4183
857 1482 483 2006
858 1032 461 3076
858 876 404 3076
858 1543 202 3076
858 1146 198 3076
858 514 171 3076
858 192 170 3076
858 232 157 3076
859 232 162 1862
860 1283 43 206
860 545 34 206
861 731 687 1766
861 728 650 1766
861 574 201 1766
862 709 357 1478
862 874 272 1478
862 863 133 1478
863 874 2701 6183
864 874 268 345
864 863 55 345
864 400 47 345
864 600 45 345
864 761 39 345
864 874 20 345
865 462 85 1178
866 535 729 8862
866 1504 528 8862
867 728 4010 4661
867 595 3358 4661
867 731 653 4661
867 861 650 4661
868 739 32 300
869 1299 1508 10115
869 870 843 10115
869 1243 797 10115
869 90 593 10115
870 1243 7091 8082
870 869 843 8082
870 56 536 8082
870 1299 465 8082
871 1243 121 540
871 870 117 540
871 607 94 540
871 1299 46 540
871 869 34 540
872 731 126 407
872 1161 68 407
872 728 31 407
873 1456 378 122
873 1281 31 122
873 622 14 122
873 1203 12 122
874 863 2701 5391
874 862 272 5391
875 464 556 3003
875 1269 386 3003
875 439 281 3003
875 1437 191 3003
875 891 157 3003
876 133 2138 30419
876 1543 1713 30419
877 1123 109 447
877 1006 47 447
877 1493 38 447
877 876 37 447
877 672 37 447
877 1543 36 447
877 1121 28 447
877 1333 23 447
878 731 1233 2413
878 832 290 2413
878 891 241 2413
878 891 152 2413
878 578 129 2413
879 1229 98 545
879 1425 72 545
880 1425 749 2836
880 1425 594 2836
880 359 429 2836
880 1443 427 2836
881 1443 2666 511
882 1399 3402 7526
882 1148 1303 7526
882 631 667 7526
883 830 2084 8453
883 18 1035 8453
884 728 2503 3143
884 595 1870 3143
884 731 642 3143
885 731 684 2105
885 728 645 2105
885 574 134 2105
885 1299 108 2105
886 1299 898 3559
886 1302 327 3559
886 1340 309 3559
886 640 301 3559
886 537 241 3559
886 974 214 3559
887 1201 624 8999
888 447 147 2123
888 425 115 2123
889 728 2256 2890
889 595 1622 2890
889 731 634 2890
889 885 634 2890
890 751 258 4210
890 127 244 4210
891 439 2067 15408
891 731 1237 15408
892 985 200 1026
892 424 91 1026
892 693 61 1026
893 918 133 698
893 1251 109 698
893 1171 36 698
894 693 205 2410
895 770 775 293
895 258 31 293
895 259 29 293
895 722 27 293
896 722 342 1686
896 439 196 1686
897 131 62 414
897 1201 62 414
897 267 61 414
897 1424 49 414
898 1424 493 556
898 1424 190 556
898 1424 176 556
898 19 88 556
899 693 1889 5090
899 692 1314 5090
899 928 843 5090
899 541 674 5090
899 1311 647 5090
900 438 855 6646
901 438 641 10597
901 438 551 10597
902 438 1913 5604
902 615 338 5604
903 588 395 1880
903 588 157 1880
903 693 155 1880
904 689 84 329
904 891 72 329
904 918 31 329
904 918 25 329
904 918 21 329
904 467 18 329
905 275 335 2584
905 1299 276 2584
905 1001 147 2584
906 728 1790 2256
906 595 1324 2256
906 731 466 2256
907 816 44 59
907 1001 15 59
907 576 8 59
907 579 6 59
908 669 161 700
908 731 80 700
909 731 763 4561
909 94 247 4561
910 94 26 130
910 94 12 130
910 94 11 130
910 1455 10 130
910 713 7 130
911 1085 29 538
912 588 223 773
912 903 222 773
913 1294 5 16
913 480 5 16
914 417 341 850
914 417 79 850
915 1041 371 1180
915 731 127 1180
915 595 119 1180
915 728 109 1180
916 693 16 26
916 1374 5 26
917 1374 11 16
918 1251 563 2693
919 876 193 1046
919 313 123 1046
919 833 89 1046
919 192 86 1046
919 205 83 1046
919 921 58 1046
920 1162 4636 6774
920 960 1373 6774
920 1001 793 6774
920 674 767 6774
921 876 227 756
921 919 58 756
921 833 39 756
921 858 39 756
921 313 38 756
921 1121 38 756
922 1038 320 3446
922 1500 270 3446
922 1035 263 3446
923 938 444 6542
923 938 337 6542
924 731 619 2240
924 728 550 2240
924 574 214 2240
925 728 5582 6161
925 595 3517 6161
925 734 1536 6161
925 731 570 6161
925 924 529 6161
926 728 1568 1938
926 595 1198 1938
926 731 370 1938
927 587 322 690
927 239 160 690
927 808 107 690
927 1147 99 690
928 693 44372 85614
928 692 26869 85614
928 541 20767 85614
928 1311 11772 85614
929 728 2080 2453
929 595 1707 2453
929 731 373 2453
930 506 123 1063
930 784 58 1063
930 1303 58 1063
931 731 986 1858
931 728 583 1858
931 700 318 1858
931 476 161 1858
932 1185 372 2446
932 1161 249 2446
932 1231 160 2446
933 703 2523 5131
934 731 785 5778
935 1385 682 881
935 381 112 881
935 242 49 881
935 283 48 881
936 246 114 154
937 728 364 2190
937 967 232 2190
937 731 211 2190
937 731 180 2190
937 595 138 2190
938 462 1422 27725
939 731 492 1495
939 728 486 1495
940 728 1786 2276
940 595 1300 2276
940 731 490 2276
940 939 486 2276
941 598 2133 6090
942 1480 476 1373
942 579 200 1373
942 731 150 1373
942 576 135 1373
942 1299 117 1373
943 948 19158 43477
943 400 3044 43477
944 1155 9 9
945 147 1481 2288
945 1310 364 2288
945 703 242 2288
945 533 158 2288
945 1484 137 2288
946 731 752 2608
946 728 653 2608
947 728 2981 3600
947 595 2380 3600
947 731 611 3600
947 946 603 3600
948 943 19158 21746
948 943 12354 21746
949 595 1785 1781
949 728 1781 1781
950 1001 255 2197
950 576 119 2197
951 806 284 1565
951 775 99 1565
952 887 459 4030
952 1201 363 4030
953 478 1534 1317
953 1433 348 1317
953 795 159 1317
954 557 102 362
954 327 27 362
954 80 27 362
955 248 2608 4142
956 1083 1240 3092
956 834 390 3092
957 746 23 121
957 648 13 121
958 1471 504 2910
958 1001 492 2910
958 883 299 2910
958 18 173 2910
958 830 167 2910
959 731 69 292
960 920 1373 1705
960 189 282 1705
960 674 179 1705
961 693 202 958
962 226 4282 21
962 478 9 21
962 478 5 21
963 1299 1780 8506
963 1340 625 8506
963 537 565 8506
963 1302 487 8506
963 1193 470 8506
964 1061 28806 5156
964 377 941 5156
964 1541 580 5156
964 1189 287 5156
965 731 126 862
965 579 52 862
965 228 47 862
966 578 584 2038
966 350 214 2038
966 447 182 2038
966 460 167 2038
966 1476 125 2038
967 731 920 4316
967 728 690 4316
967 574 512 4316
967 934 242 4316
967 937 232 4316
968 937 116 354
968 937 97 354
968 1339 72 354
968 1113 49 354
969 938 570 607
969 514 257 607
969 723 41 607
970 728 2942 3595
970 595 2295 3595
970 731 652 3595
970 967 648 3595
971 275 182 2606
971 140 176 2606
971 1132 175 2606
971 34 167 2606
971 1531 155 2606
972 1531 148 958
972 974 88 958
972 275 84 958
973 689 16 304
973 689 16 304
974 1299 10375 50718
974 1340 3726 50718
974 579 3007 50718
975 1299 7595 23201
975 579 2316 23201
975 1340 1955 23201
975 561 1800 23201
975 640 1657 23201
975 1302 1229 23201
976 1299 67 311
976 1001 24 311
976 975 21 311
976 579 18 311
976 640 17 311
977 1299 3437 6749
977 1340 663 6749
977 640 563 6749
977 537 562 6749
977 1302 476 6749
977 1001 381 6749
978 1001 492 550
979 545 109 1809
979 1038 96 1809
979 1035 93 1809
980 1299 5914 14198
980 640 1813 14198
980 1001 1792 14198
980 1340 1350 14198
980 576 1173 14198
980 1302 1008 14198
980 1193 963 14198
981 1193 116 2199
982 731 872 2309
982 728 716 2309
982 574 330 2309
983 595 2650 2650
983 731 2650 2650
984 397 265 1988
985 1288 400 1509
985 892 200 1509
985 553 149 1509
985 424 102 1509
985 669 91 1509
986 728 1482 2073
986 595 891 2073
986 731 591 2073
987 1463 486 5762
988 602 682 12608
989 1328 1872 682
989 1328 298 682
989 614 167 682
989 1404 47 682
990 1404 159 307
990 638 37 307
991 784 523 4790
992 460 537 2799
992 545 328 2799
992 382 170 2799
993 1123 521 925
993 876 201 925
993 1333 86 925
993 1149 67 925
993 1106 67 925
993 366 64 925
993 76 55 925
993 1543 53 925
994 728 1797 2447
994 595 1146 2447
994 731 650 2447
995 731 161 1680
995 731 138 1680
995 731 120 1680
995 728 113 1680
995 448 102 1680
995 454 91 1680
996 84 542 1262
996 815 397 1262
996 1227 275 1262
997 721 148 731
997 549 108 731
997 309 83 731
997 485 70 731
998 997 26 60
998 485 6 60
998 721 6 60
999 1185 43 355
999 266 36 355
999 1008 29 355
999 1303 22 355
999 680 22 355
999 689 22 355
999 689 20 355
1000 693 3662 4992
1000 1271 2382 4992
1000 692 727 4992
1000 541 472 4992
1000 928 373 4992
1001 1299 27401 113610
1001 576 13285 113610
1001 1340 9322 113610
1001 574 5828 113610
1002 447 280 1235
1002 355 121 1235
1002 578 103 1235
1003 731 690 2088
1003 728 578 2088
1003 574 315 2088
1004 1299 7 24
1005 938 320 656
1005 427 119 656
1005 1440 114 656
1006 876 280 1272
1006 232 187 1272
1006 313 169 1272
1006 858 111 1272
1006 205 107 1272
1006 192 103 1272
1006 1493 88 1272
1007 728 3160 3761
1007 595 2589 3761
1007 731 583 3761
1007 1003 574 3761
1008 669 689 9440
1009 699 1061 2299
1009 505 353 2299
1009 1056 149 2299
1010 1299 4676 18140
1010 1193 1692 18140
1010 537 1283 18140
1010 1302 1067 18140
1010 1340 1013 18140
1011 1068 1063 999
1011 1012 198 999
1011 689 141 999
1011 84 90 999
1011 75 70 999
1011 168 59 999
1011 707 53 999
1012 689 301 1396
1012 1011 198 1396
1012 1068 176 1396
1012 168 148 1396
1012 75 141 1396
1013 938 162 228
1013 1105 74 228
1013 514 44 228
1014 514 215 3975
1014 751 203 3975
1014 890 203 3975
1015 469 743 1278
1015 693 175 1278
1015 693 147 1278
1015 692 104 1278
1016 692 100 1255
1016 322 67 1255
1017 1181 10 31
1017 595 7 31
1017 731 7 31
1017 728 7 31
1018 938 442 751
1018 1123 72 751
1018 1299 62 751
1018 1357 55 751
1018 1122 52 751
1018 378 41 751
1019 815 222 1969
1019 1303 118 1969
1019 497 107 1969
1020 497 1445 10
1021 1063 99 592
1022 1094 568 6359
1022 806 511 6359
1022 693 458 6359
1023 442 73 82
1023 1203 38 82
1023 1123 5 82
1024 1123 984 199
1025 1045 67 85
1025 1197 32 85
1026 1086 7 12
1026 1502 6 12
1027 674 240 2364
1028 368 1309 5703
1028 238 652 5703
1028 77 577 5703
1029 77 774 816
1030 710 138 1054
1030 710 116 1054
1030 669 62 1054
1031 731 224 1032
1031 728 65 1032
1031 1033 63 1032
1032 876 689 3488
1032 858 461 3488
1032 313 442 3488
1032 192 259 3488
1032 514 215 3488
1032 833 205 3488
1033 731 2155 1688
1033 700 180 1688
1033 1161 172 1688
1034 731 394 1383
1034 1161 175 1383
1034 941 77 1383
1035 1038 3356 21960
1036 1038 917 7280
1036 1342 790 7280
1036 1035 741 7280
1036 452 558 7280
1037 1038 974 4829
1037 94 254 4829
1038 1035 3356 32340
1039 1038 696 3858
1039 452 287 3858
1040 342 1448 6392
1040 1375 772 6392
1040 1038 497 6392
1040 1467 454 6392
1040 1376 432 6392
1041 728 3957 9512
1041 731 1351 9512
1042 955 38 616
1042 578 31 616
1043 1482 773 2559
1043 323 701 2559
1043 857 572 2559
1043 1403 219 2559
1044 1038 101 574
1044 1039 43 574
1044 1035 38 574
1045 1197 178 212
1045 1197 11 212
1046 240 1964 14434
1046 1556 1549 14434
1046 1253 1535 14434
1046 216 877 14434
1047 1046 638 2251
1047 1556 304 2251
1047 240 213 2251
1047 1253 157 2251
1047 216 135 2251
1048 876 221 1264
1048 313 173 1264
1048 205 84 1264
1048 1032 83 1264
1049 731 146 960
1050 60 145 1697
1051 60 263 3424
1052 1053 1452 2362
1052 1530 198 2362
1052 554 192 2362
1052 1528 168 2362
1053 1052 1452 8117
1053 554 1070 8117
1053 1530 415 8117
1054 693 107 131
1054 894 69 131
1055 1299 84 1267
1055 1299 71 1267
1056 1299 3980 50610
1057 974 40 591
1057 1299 39 591
1058 1299 210 48
1059 1299 686 1828
1059 1437 240 1828
1059 673 189 1828
1059 1145 134 1828
1060 71 32 34
1060 724 21 34
1060 1200 8 34
1060 1200 5 34
1061 964 28806 29344
1061 1189 10001 29344
1061 49 5519 29344
1061 1541 5023 29344
1062 1189 441 1076
1062 1061 377 1076
1062 1541 70 1076
1063 1021 99 826
1063 731 48 826
1064 1185 1360 4395
1064 52 538 4395
1064 832 458 4395
1064 1183 396 4395
1064 1516 222 4395
1065 832 714 5235
1065 1233 369 5235
1065 731 338 5235
1066 1265 136 51
1066 271 10 51
1066 271 6 51
1067 722 21 103
1067 1162 15 103
1067 693 14 103
1067 258 7 103
1067 692 6 103
1068 1011 1063 886
1068 689 228 886
1068 1012 176 886
1068 75 72 886
1068 168 62 886
1069 168 38 11
1069 1203 5 11
1070 306 61 460
1070 447 60 460
1070 578 60 460
1071 463 7 35
1071 545 7 35
1071 901 5 35
1072 1181 275 1378
1072 417 249 1378
1072 535 73 1378
1073 1001 501 1596
1073 430 448 1596
1073 579 116 1596
1073 36 111 1596
1073 1347 89 1596
1074 545 6 18
1075 1300 333 745
1075 792 176 745
1076 832 104 687
1076 60 103 687
1076 771 62 687
1077 1303 303 1961
1077 1303 262 1961
1077 1051 101 1961
1078 460 90 652
1078 992 65 652
1078 424 58 652
1078 58 47 652
1078 59 42 652
1079 1041 139 2234
1080 318 602 1373
1080 1036 310 1373
1080 1035 212 1373
1080 452 120 1373
1080 461 96 1373
1080 1038 76 1373
1081 425 39 615
1082 1299 1957 5216
1082 36 786 5216
1082 579 412 5216
1082 237 409 5216
1082 259 288 5216
1083 956 1240 3566
1083 834 420 3566
1083 503 334 3566
1084 1299 64 104
1084 1340 24 104
1084 537 14 104
1084 974 6 104
1085 1537 322 3223
1085 1240 296 3223
1085 1538 246 3223
1085 1498 226 3223
1086 1294 88 1168
1086 480 85 1168
1087 480 34 465
1088 576 5997 18643
1088 574 3384 18643
1088 579 3027 18643
1088 1001 2890 18643
1088 1299 1539 18643
1089 1153 65 828
1089 711 43 828
1090 1203 15 217
1091 731 59 329
1092 689 27 125
1092 84 7 125
1092 75 7 125
1093 583 19 214
1093 462 13 214
1094 806 1183 20435
1095 1094 796 4248
1096 268 947 3982
1096 374 851 3982
1096 1299 642 3982
1096 1356 463 3982
1096 777 217 3982
1097 1299 204 2016
1097 1001 149 2016
1097 974 103 2016
1098 974 1335 6573
1098 359 347 6573
1098 593 334 6573
1099 938 357 531
1099 462 32 531
1100 693 336 1414
1100 1008 209 1414
1100 698 106 1414
1101 798 123 1355
1101 1532 117 1355
1101 489 106 1355
1102 1123 525 2301
1102 1543 344 2301
1102 876 325 2301
1102 1386 191 2301
1102 831 125 2301
1103 259 15 67
1103 1094 7 67
1104 593 927 4127
1104 593 902 4127
1104 1437 248 4127
1105 938 277 434
1105 1013 74 434
1105 723 69 434
1105 1122 47 434
1105 1264 26 434
1105 462 23 434
1106 1123 779 2452
1106 876 443 2452
1106 1543 365 2452
1106 76 240 2452
1106 1149 182 2452
1106 181 133 2452
1107 181 371 1255
1107 1530 94 1255
1107 1530 82 1255
1108 1530 61 717
1109 1316 6 15
1109 1239 5 15
1109 98 5 15
1110 602 47 646
1111 894 146 465
1111 1260 146 465
1111 334 92 465
1112 1203 20 229
1112 933 19 229
1112 1366 16 229
1112 705 16 229
1112 152 15 229
1112 1492 12 229
1113 1492 427 1559
1113 728 216 1559
1113 454 117 1559
1114 1001 2405 11233
1114 1299 1834 11233
1114 1193 1310 11233
1114 1302 1303 11233
1114 27 1287 11233
1114 1340 1179 11233
1114 645 1163 11233
1114 576 645 11233
1115 387 395 1884
1115 891 146 1884
1115 545 110 1884
1116 460 457 1412
1116 460 202 1412
1116 290 103 1412
1117 460 468 1067
1117 290 227 1067
1118 1299 954 1025
1118 27 184 1025
1118 1302 149 1025
1118 561 92 1025
1118 288 71 1025
1118 1193 62 1025
1118 537 54 1025
1119 1185 21 93
1119 105 11 93
1119 281 7 93
1119 631 6 93
1119 1466 6 93
1119 489 6 93
1119 489 5 93
1120 1299 260 382
1120 1340 165 382
1121 876 286 1539
1121 313 246 1539
1121 366 134 1539
1121 1192 105 1539
1121 514 96 1539
1121 232 83 1539
1122 938 366 507
1122 1018 52 507
1122 1105 47 507
1122 1264 46 507
1123 1543 4453 9801
1123 876 1356 9801
1123 1106 779 9801
1123 1102 525 9801
1124 105 876 3659
1124 106 325 3659
1124 722 237 3659
1124 529 202 3659
1125 1126 28 183
1125 1126 12 183
1126 622 1580 5515
1126 705 1152 5515
1127 705 144 1010
1127 595 99 1010
1127 731 96 1010
1127 1171 59 1010
1128 460 142 1011
1128 731 98 1011
1128 595 98 1011
1129 396 499 2470
1129 1323 351 2470
1129 233 276 2470
1129 732 218 2470
1129 731 163 2470
1130 731 370 1711
1130 595 151 1711
1130 728 135 1711
1130 1201 126 1711
1131 1299 148 1937
1131 1340 140 1937
1131 1340 124 1937
1131 92 114 1937
1132 693 387 3604
1132 140 378 3604
1132 275 359 3604
1132 34 242 3604
1132 692 232 3604
1132 82 196 3604
1133 900 103 1714
1133 900 92 1714
1134 728 35 178
1134 537 13 178
1134 1299 13 178
1134 287 11 178
1134 731 11 178
1134 1056 9 178
1135 1299 1022 2974
1135 537 368 2974
1135 1340 310 2974
1135 1302 285 2974
1135 1193 253 2974
1136 1299 409 893
1136 950 111 893
1136 640 110 893
1136 1340 87 893
1136 1193 62 893
1136 1302 49 893
1136 561 45 893
1137 874 104 910
1138 856 257 90
1138 1203 13 90
1139 1203 901 1872
1139 863 146 1872
1139 874 143 1872
1140 132 829 3309
1140 439 384 3309
1141 638 56 164
1141 829 40 164
1141 829 24 164
1142 1299 2332 11478
1142 537 1792 11478
1142 1302 886 11478
1142 1340 819 11478
1142 1193 643 11478
1143 1385 25 66
1143 935 13 66
1143 381 6 66
1144 381 15 142
1144 146 12 142
1144 731 10 142
1145 731 2079 6693
1145 856 1028 6693
1145 593 452 6693
1145 673 426 6693
1146 876 257 1619
1146 366 225 1619
1146 1192 208 1619
1146 858 198 1619
1146 313 184 1619
1146 514 179 1619
1146 833 126 1619
1147 239 474 2219
1147 1299 357 2219
1147 808 259 2219
1148 882 1303 3871
1148 1399 1128 3871
1148 631 564 3871
1149 876 214 1292
1149 1106 182 1292
1149 1386 151 1292
1149 831 107 1292
1149 1333 97 1292
1149 1493 86 1292
1149 993 67 1292
1150 1299 3303 3766
1150 1193 582 3766
1150 640 492 3766
1150 589 267 3766
1150 1340 242 3766
1150 537 230 3766
1150 561 199 3766
1151 561 728 1900
1152 1094 3645 5
1152 1094 5 5
1153 1089 65 905
1154 689 10 5
1155 416 514 3943
1155 578 493 3943
1155 350 486 3943
1155 447 483 3943
1155 460 293 3943
1156 1299 2411 12722
1156 537 1213 12722
1156 1193 1087 12722
1156 1302 1061 12722
1156 589 987 12722
1157 693 371 2922
1157 692 350 2922
1158 692 84 1476
1159 272 541 1735
1159 273 131 1735
1160 223 633 1784
1160 227 609 1784
1160 1422 593 1784
1160 1422 124 1784
1161 731 6123 7790
1162 920 4636 7386
1162 1001 1623 7386
1162 160 1015 7386
1162 674 721 7386
1162 1452 596 7386
1163 728 96 994
1163 728 77 994
1164 731 89 696
1164 728 50 696
1164 728 50 696
1164 728 45 696
1165 1299 28 31
1165 489 7 31
1165 576 7 31
1165 631 6 31
1165 418 6 31
1166 1299 593 1089
1166 537 81 1089
1166 1056 80 1089
1167 938 514 2221
1167 876 315 2221
1167 1123 146 2221
1167 923 118 2221
1168 731 694 1769
1168 728 681 1769
1168 574 108 1769
1169 171 17 43
1170 171 123 1328
1170 1014 78 1328
1170 751 77 1328
1171 1303 360 6559
1172 1124 15 152
1172 105 11 152
1173 105 236 2436
1174 728 4042 4726
1174 595 3361 4726
1174 731 684 4726
1174 1168 681 4726
1175 1502 23 158
1175 815 13 158
1175 84 13 158
1176 304 452 1098
1176 1233 174 1098
1176 832 56 1098
1177 283 1308 5184
1178 1185 506 3437
1178 535 445 3437
1179 731 265 1930
1180 1259 20 5
1181 1072 275 3720
1182 456 87 287
1182 1184 78 287
1182 1479 76 287
1182 539 60 287
1183 1185 957 2143
1183 1064 396 2143
1183 832 184 2143
1183 731 178 2143
1183 1178 148 2143
1183 52 112 2143
1184 456 1743 5748
1184 1479 1691 5748
1184 539 1495 5748
1185 1463 1854 30030
1185 728 1566 30030
1186 728 58 297
1186 693 36 297
1187 693 5 5
1188 1185 48 339
1188 1064 22 339
1189 1061 10001 27148
1189 1541 4445 27148
1190 693 112 165
1190 98 17 165
1190 863 9 165
1191 704 6 5
1191 1203 5 5
1192 876 230 1174
1192 1146 208 1174
1192 514 107 1174
1192 1121 105 1174
1192 366 100 1174
1193 1299 32663 91067
1193 1340 9439 91067
1193 1302 8702 91067
1193 537 6676 91067
1193 589 5377 91067
1193 1001 5148 91067
1193 27 4602 91067
1194 866 93 1553
1195 1299 786 2152
1195 726 509 2152
1195 698 369 2152
1196 689 46 236
1196 1046 43 236
1196 1556 36 236
1196 1450 16 236
1196 1253 15 236
1197 1045 178 204
1197 1045 76 204
1197 459 69 204
1197 1025 32 204
1198 693 1047 4863
1198 1290 715 4863
1198 692 688 4863
1198 1311 656 4863
1198 928 450 4863
1198 541 347 4863
1199 1200 714 787
1199 425 221 787
1200 1199 714 2206
1200 425 587 2206
1201 131 1708 16959
1201 267 1591 16959
1201 425 1150 16959
1201 560 964 16959
1202 1126 203 115
1202 756 94 115
1202 530 15 115
1203 622 1280 7867
1204 1203 50 12
1204 361 7 12
1204 752 5 12
1205 943 6552 8986
1205 540 3508 8986
1205 400 3049 8986
1206 1208 347 227
1207 1455 165 1097
1207 1455 143 1097
1207 1455 83 1097
1207 1203 62 1097
1208 1206 347 643
1208 1206 106 643
1209 449 74 833
1209 866 70 833
1210 728 158 1334
1210 1035 78 1334
1210 1035 73 1334
1211 576 1281 4638
1211 579 986 4638
1211 1088 859 4638
1211 574 700 4638
1211 1001 524 4638
1211 1299 323 4638
1212 245 1291 9
1212 15 9 9
1213 15 98 333
1214 1427 315 495
1215 1294 165 477
1215 409 113 477
1215 1086 76 477
1216 344 22 39
1217 1233 237 1097
1217 832 73 1097
1217 680 65 1097
1218 731 6 36
1219 1221 202 671
1219 1233 61 671
1219 1233 50 671
1219 402 36 671
1220 174 38 31
1221 1303 260 1478
1221 1219 202 1478
1221 402 145 1478
1221 402 129 1478
1221 832 74 1478
1222 1177 62 399
1222 1281 21 399
1223 1415 506 901
1223 693 327 901
1223 1335 66 901
1223 651 49 901
1224 125 116 389
1224 1221 46 389
1224 402 30 389
1225 1126 41 202
1225 418 28 202
1225 372 20 202
1225 798 18 202
1225 1203 17 202
1225 1532 14 202
1225 1495 11 202
1226 1094 12 10
1227 84 671 1758
1227 996 275 1758
1227 815 268 1758
1228 815 664 1143
1228 693 203 1143
1229 462 1370 3559
1229 462 429 3559
1229 462 231 3559
1230 955 137 1069
1230 545 120 1069
1231 847 618 5266
1231 425 340 5266
1231 1201 332 5266
1232 634 33 372
1232 329 32 372
1233 832 1585 24796
1234 832 50 327
1235 700 736 6716
1236 693 1208 2041
1236 692 963 2041
1236 541 536 2041
1236 928 165 2041
1236 474 103 2041
1237 693 3760 11453
1237 928 3441 11453
1237 692 2505 11453
1237 541 1615 11453
1237 1311 899 11453
1238 403 765 3243
1238 545 516 3243
1238 397 439 3243
1238 382 249 3243
1239 1203 344 1382
1239 622 321 1382
1240 1085 296 2150
1241 961 64 130
1241 32 22 130
1241 159 18 130
1241 693 7 130
1242 1299 10 56
1242 1233 6 56
1243 870 7091 5562
1243 869 797 5562
1243 56 545 5562
1243 90 289 5562
1244 1299 299 1949
1244 1001 163 1949
1245 622 32 73
1245 840 27 73
1245 1126 23 73
1245 220 8 73
1245 220 7 73
1246 220 128 220
1246 648 68 220
1246 1208 36 220
1246 839 15 220
1247 839 38 146
1247 839 26 146
1247 1306 15 146
1247 615 13 146
1247 373 9 146
1248 731 16 95
1248 693 6 95
1249 693 80 47
1250 753 11 32
1250 418 6 32
1250 1491 5 32
1251 918 563 2240
1251 1171 344 2240
1251 103 217 2240
1252 693 106 1357
1253 240 1586 7830
1253 1046 1535 7830
1253 428 800 7830
1253 1556 535 7830
1254 579 36 584
1255 579 1673 12
1255 462 12 12
1256 689 310 843
1256 689 117 843
1256 767 113 843
1256 84 79 843
1256 75 58 843
1256 707 50 843
1257 707 113 308
1257 707 16 308
1258 1299 2967 7158
1258 1193 1077 7158
1258 1010 832 7158
1258 537 690 7158
1258 1340 408 7158
1258 980 383 7158
1259 980 55 655
1259 1303 50 655
1259 1233 47 655
1259 243 46 655
1259 243 45 655
1259 832 45 655
1259 175 44 655
1260 894 748 906
1260 334 199 906
1261 334 67 183
1261 334 34 183
1261 417 21 183
1262 1173 45 778
1263 731 487 1854
1263 1307 456 1854
1263 402 303 1854
1264 938 933 699
1264 1122 46 699
1265 1122 1003 203
1265 1066 136 203
1266 876 486 1600
1266 938 179 1600
1266 1299 162 1600
1266 1302 96 1600
1267 313 180 1022
1267 232 156 1022
1267 876 116 1022
1267 366 86 1022
1268 1269 383 2296
1268 439 325 2296
1268 387 141 2296
1269 387 699 4089
1269 439 635 4089
1269 875 386 4089
1269 1268 383 4089
1269 464 320 4089
1269 687 242 4089
1270 883 2333 5
1271 693 2712 3918
1271 1000 2382 3918
1271 692 504 3918
1271 541 365 3918
1271 928 227 3918
1272 928 686 163
1272 483 22 163
1272 483 20 163
1272 728 20 163
1273 1475 32 132
1273 489 27 132
1273 489 8 132
1273 1540 8 132
1273 1532 7 132
1273 469 7 132
1273 1401 7 132
1274 92 113 812
1274 1038 92 812
1275 918 382 544
1276 175 96 1042
1276 175 68 1042
1277 425 1590 3660
1277 412 594 3660
1277 342 186 3660
1278 1094 606 1853
1278 794 124 1853
1279 610 175 1609
1279 610 169 1609
1280 610 346 620
1280 693 316 620
1280 152 153 620
1280 658 136 620
1281 658 698 494
1281 1177 65 494
1282 138 48 87
1282 1420 40 87
1283 545 516 2546
1283 310 311 2546
1283 382 254 2546
1283 397 141 2546
1284 545 483 1673
1284 382 191 1673
1285 903 234 831
1285 588 182 831
1285 912 155 831
1286 1008 130 687
1286 56 71 687
1286 726 69 687
1286 698 60 687
1286 1423 58 687
1287 455 416 473
1287 553 180 473
1287 1288 37 473
1287 578 30 473
1288 553 13466 4727
1288 455 394 4727
1289 1189 3064 235
1289 1189 32 235
1289 1061 31 235
1289 1062 26 235
1289 407 25 235
1290 693 1188 4890
1290 1198 715 4890
1290 1311 711 4890
1290 692 653 4890
1290 928 394 4890
1290 541 266 4890
1291 554 13 24
1292 554 49 393
1292 248 32 393
1293 995 59 935
1293 454 58 935
1294 1215 165 646
1294 1086 88 646
1295 1086 130 832
1296 669 688 1958
1296 731 368 1958
1296 172 199 1958
1296 1299 109 1958
1297 1299 1152 3238
1297 1193 966 3238
1297 645 366 3238
1297 1340 297 3238
1297 1371 249 3238
1297 537 175 3238
1297 27 167 3238
1298 34 96 338
1298 467 34 338
1299 1340 48337 431840
1299 1193 32663 431840
1299 1302 31463 431840
1299 1001 27401 431840
1299 537 25220 431840
1300 537 138 2135
1301 1299 593 2147
1301 1340 202 2147
1301 1302 111 2147
1302 1299 31463 95994
1302 1340 8752 95994
1302 1193 8702 95994
1302 640 7797 95994
1302 27 6773 95994
1302 537 5325 95994
1303 731 4335 44556
1303 1463 2706 44556
1304 689 13 77
1304 84 11 77
1304 836 10 77
1304 417 7 77
1304 866 6 77
1304 1542 5 77
1304 535 5 77
1304 109 5 77
1305 689 7 19
1305 903 7 19
1305 1304 5 19
1306 1304 451 2084
1306 615 128 2084
1307 1303 599 8552
1308 747 73 496
1308 1001 29 496
1309 747 101 698
1309 1001 95 698
1309 576 77 698
1309 1299 65 698
1309 574 35 698
1310 147 674 1487
1310 945 364 1487
1310 703 274 1487
1310 533 238 1487
1310 933 115 1487
1311 693 17643 49463
1311 692 13835 49463
1311 928 11772 49463
1311 541 10493 49463
1312 541 292 447
1312 731 138 447
1312 728 79 447
1312 595 54 447
1312 887 34 447
1313 703 412 427
1313 456 124 427
1313 539 45 427
1314 539 85 1275
1315 1299 163 2872
1316 1299 57 447
1316 1299 27 447
1316 1299 25 447
1317 1299 56 178
1317 693 52 178
1317 870 28 178
1317 1193 12 178
1318 1126 219 1905
1318 622 160 1905
1319 863 354 82
1319 874 11 82
1319 1374 9 82
1319 1374 7 82
1320 1374 104 1942
1321 710 13 105
1321 979 10 105
1322 325 98 248
1322 171 57 248
1323 396 1417 3317
1323 732 382 3317
1323 1129 351 3317
1323 731 258 3317
1323 233 240 3317
1324 233 7 5
1324 443 5 5
1325 524 5 16
1325 524 5 16
1326 524 30 10
1326 1197 5 10
1326 459 5 10
1327 96 2003 990
1328 989 1872 1783
1328 989 677 1783
1328 614 556 1783
1329 1299 25 93
1329 576 11 93
1329 1355 10 93
1329 974 10 93
1329 1001 9 93
1329 640 8 93
1329 975 6 93
1329 503 6 93
1329 537 5 93
1330 1502 1678 4031
1331 588 13 42
1331 903 10 42
1331 473 9 42
1332 438 11 188
1333 1123 425 1972
1333 876 303 1972
1333 672 155 1972
1333 1386 124 1972
1333 831 103 1972
1334 1335 107 684
1335 1334 107 416
1335 1415 88 416
1335 1223 66 416
1336 1223 17 84
1336 1203 14 84
1336 1203 8 84
1336 1203 8 84
1336 1203 7 84
1336 418 6 84
1336 1299 6 84
1336 1126 5 84
1337 1065 74 897
1337 1065 52 897
1338 240 15 37
1338 418 9 37
1338 798 6 37
1338 150 5 37
1338 1532 5 37
1339 1532 189 624
1339 1532 102 624
1339 968 72 624
1339 1299 66 624
1339 1113 61 624
1340 1299 48337 119469
1340 1193 9439 119469
1340 1001 9322 119469
1340 1302 8752 119469
1341 728 2675 3306
1341 595 2044 3306
1341 731 631 3306
1342 1036 790 3094
1342 1038 595 3094
1342 318 424 3094
1342 1035 264 3094
1343 629 721 260
1344 689 294 551
1344 86 31 551
1344 84 29 551
1345 400 11 58
1345 1233 11 58
1345 425 11 58
1345 1307 7 58
1346 460 16 145
1346 460 12 145
1346 460 11 145
1347 1001 4118 13647
1347 1299 2447 13647
1347 1340 1470 13647
1347 576 1188 13647
1347 579 692 13647
1348 1177 63 824
1349 1177 1080 4432
1350 373 7285 6095
1350 901 1327 6095
1350 901 1302 6095
1350 497 856 6095
1350 497 601 6095
1350 79 513 6095
1351 1001 163 1692
1351 693 147 1692
1351 630 145 1692
1351 692 99 1692
1351 1299 86 1692
1352 1349 29 278
1353 1300 457 206
1353 1300 28 206
1353 792 24 206
1353 1075 19 206
1353 469 13 206
1354 469 581 1906
1354 1430 133 1906
1354 1430 112 1906
1354 599 101 1906
1354 669 99 1906
1355 1299 953 4286
1355 579 614 4286
1355 1302 417 4286
1355 640 268 4286
1355 974 252 4286
1355 576 246 4286
1356 1302 530 4936
1356 268 525 4936
1356 1096 463 4936
1356 1299 406 4936
1356 1193 324 4936
1357 1299 1363 3389
1357 1340 775 3389
1357 589 202 3389
1357 1302 202 3389
1357 574 180 3389
1358 1299 2454 8420
1358 1302 1118 8420
1358 1193 993 8420
1358 1340 643 8420
1358 640 602 8420
1358 1010 448 8420
1358 561 443 8420
1359 1185 195 888
1359 535 52 888
1359 1469 45 888
1360 1469 1069 1263
1360 807 208 1263
1360 1540 105 1263
1361 425 190 793
1361 1303 81 793
1361 1303 57 793
1362 1108 54 106
1362 1108 11 106
1362 1108 8 106
1363 401 35 436
1363 377 29 436
1364 1177 305 2745
1365 1177 14 69
1365 705 7 69
1365 1112 5 69
1365 1126 5 69
1366 722 7532 6077
1366 1094 342 6077
1367 1480 31 47
1367 1482 31 47
1367 642 16 47
1368 1112 9 19
1368 659 7 19
1368 693 7 19
1368 1374 5 19
1369 545 203 1496
1369 1555 119 1496
1369 425 104 1496
1369 693 87 1496
1369 515 77 1496
1370 1303 81 317
1370 1360 64 317
1370 1360 61 317
1370 807 16 317
1371 1299 3577 14268
1371 1193 1837 14268
1371 1302 1666 14268
1371 537 1422 14268
1371 1340 1161 14268
1371 645 947 14268
1372 1302 64 784
1372 1299 62 784
1372 1193 51 784
1373 1374 356 155
1373 961 36 155
1373 372 14 155
1373 1415 10 155
1373 418 9 155
1374 418 79 256
1374 693 21 256
1374 1203 18 256
1374 372 13 256
1375 1040 772 1875
1375 342 121 1875
1376 1040 432 1604
1376 342 229 1604
1377 1231 58 990
1378 809 15 30
1378 1086 15 30
1379 519 2360 1119
1379 699 354 1119
1380 1397 22 21
1380 168 9 21
1381 689 100 617
1381 418 39 617
1381 417 36 617
1382 14 34 26
1382 15 26 26
1383 731 141789 110811
1383 595 101644 110811
1384 1307 639 1371
1384 689 257 1371
1384 84 254 1371
1384 535 196 1371
1385 935 682 2355
1386 1102 191 1629
1386 876 180 1629
1386 76 179 1629
1386 1493 170 1629
1386 1149 151 1629
1386 1333 124 1629
1387 693 220 253
1387 1252 121 253
1387 692 13 253
1388 1126 1138 1713
1389 418 22 159
1389 693 20 159
1389 541 17 159
1389 928 15 159
1389 1311 14 159
1389 899 13 159
1389 1489 9 159
1390 1203 59 102
1390 504 31 102
1390 718 25 102
1391 689 14 14
1391 168 8 14
1392 722 1038 3814
1392 529 243 3814
1392 259 207 3814
1393 731 901 2941
1393 728 664 2941
1393 574 658 2941
1394 728 3770 4397
1394 595 3143 4397
1394 1393 627 4397
1394 731 627 4397
1395 342 473 1043
1395 681 83 1043
1395 1467 61 1043
1395 92 54 1043
1396 693 58 1005
1396 693 53 1005
1397 168 84 381
1397 418 23 381
1397 1471 23 381
1398 784 942 2416
1398 991 160 2416
1399 882 3402 5598
1399 1148 1128 5598
1399 631 540 5598
1400 882 251 779
1400 1399 147 779
1400 631 127 779
1400 1148 115 779
1401 728 394 5540
1402 731 536 417
1402 732 27 417
1403 857 236 748
1403 1043 219 748
1403 323 217 748
1403 1482 143 748
1404 1328 168 220
1404 1328 106 220
1404 989 47 220
1404 1405 27 220
1404 614 12 220
1405 1404 27 47
1405 1328 7 47
1405 264 7 47
1405 264 7 47
1406 418 14 78
1407 1408 39 92
1407 622 20 92
1407 1126 13 92
1407 1494 11 92
1407 1495 9 92
1407 1411 8 92
1407 1492 7 92
1407 1410 5 92
1407 134 5 92
1408 622 349 196
1408 1407 39 196
1408 1126 33 196
1408 1495 25 196
1408 1494 19 196
1408 1318 19 196
1408 1411 18 196
1409 1411 72 229
1409 443 49 229
1409 46 27 229
1410 1495 10 44
1410 1408 7 44
1410 1126 6 44
1410 1407 5 44
1410 1318 5 44
1410 622 5 44
1411 1495 121 268
1411 1318 77 268
1411 1126 64 268
1411 622 47 268
1411 1408 18 268
1412 1408 3074 2853
1412 902 247 2853
1413 961 246 289
1413 693 179 289
1414 693 408 2079
1414 692 277 2079
1415 693 469 2024
1416 1373 10 22
1416 706 7 22
1416 961 6 22
1417 126 13 56
1417 126 9 56
1418 126 26 43
1418 418 12 43
1418 1252 10 43
1419 693 3166 4779
1419 692 1244 4779
1419 928 870 4779
1419 541 764 4779
1419 1311 336 4779
1420 138 70 153
1420 892 23 153
1420 693 12 153
1420 693 8 153
1421 595 15 183
1421 731 15 183
1421 1463 14 183
1421 728 13 183
1421 685 12 183
1422 1056 647 6156
1423 974 791 8138
1424 131 1119 4497
1424 1201 1116 4497
1424 267 1031 4497
1424 887 565 4497
1424 230 350 4497
1425 1229 149 891
1425 859 109 891
1425 879 72 891
1425 1423 45 891
1426 1088 1015 917
1426 579 239 917
1426 1299 231 917
1426 574 114 917
1426 1001 54 917
1426 576 48 917
1427 1214 315 905
1427 1214 116 905
1427 673 71 905
1427 673 55 905
1428 342 177 1346
1428 1467 93 1346
1429 731 711 2395
1429 728 606 2395
1429 574 258 2395
1430 574 1557 5549
1430 599 1004 5549
1431 599 25 59
1432 728 3787 4554
1432 595 3336 4554
1432 1429 626 4554
1432 731 592 4554
1433 478 6717 8385
1433 606 916 8385
1433 252 589 8385
1434 309 69 151
1434 997 34 151
1434 721 23 151
1434 549 10 151
1435 549 83 176
1435 710 44 176
1435 1263 35 176
1435 1463 16 176
1436 938 406 1064
1436 378 387 1064
1436 462 54 1064
1437 462 2644 19627
1437 1549 1176 19627
1438 497 519 2837
1438 499 494 2837
1438 1085 149 2837
1439 1085 491 1490
1439 1061 140 1490
1439 689 91 1490
1439 593 78 1490
1440 938 723 931
1440 427 335 931
1440 1005 114 931
1440 502 50 931
1441 412 263 1143
1441 412 123 1143
1441 425 119 1143
1442 631 32 68
1442 1094 17 68
1442 1094 5 68
1442 870 5 68
1443 870 790 3686
1443 359 684 3686
1443 359 428 3686
1444 945 19 34
1444 1445 15 34
1445 1444 15 38
1445 945 7 38
1446 1053 24 203
1446 554 16 203
1447 215 1146 2543
1447 731 292 2543
1447 728 287 2543
1448 728 1363 1655
1448 595 1077 1655
1448 731 286 1655
1448 1447 286 1655
1449 731 803 2881
1449 728 648 2881
1449 574 288 2881
1449 846 222 2881
1450 689 124 1430
1450 1046 98 1430
1450 1556 87 1430
1451 728 3157 3804
1451 595 2510 3804
1451 1449 647 3804
1451 731 647 3804
1452 1162 596 1516
1452 920 332 1516
1452 1001 210 1516
1452 160 163 1516
1453 160 2913 422
1453 160 422 422
1454 56 247 2722
1454 696 160 2722
1455 696 178 2118
1455 696 117 2118
1456 1203 503 2552
1456 622 406 2552
1457 545 159 2747
1458 1299 1057 2609
1458 1302 306 2609
1458 561 258 2609
1458 1193 250 2609
1458 1340 187 2609
1458 1010 161 2609
1458 1358 154 2609
1458 975 139 2609
1458 579 132 2609
1459 1506 90 98
1460 30 2217 394
1460 30 394 394
1461 933 36 216
1461 693 12 216
1461 693 12 216
1462 1481 297 1141
1462 735 283 1141
1463 342 2886 34849
1463 1303 2706 34849
1463 1185 1854 34849
1463 731 1820 34849
1464 1233 167 1048
1464 1233 118 1048
1464 417 66 1048
1465 284 169 864
1465 282 145 864
1465 1466 140 864
1465 489 57 864
1465 631 56 864
1466 284 530 1758
1466 631 496 1758
1466 489 172 1758
1466 1465 140 1758
1467 342 927 7531
1467 311 806 7531
1467 1463 457 7531
1467 1040 454 7531
1468 1467 144 885
1468 744 138 885
1468 1303 83 885
1468 311 71 885
1468 1041 57 885
1468 342 45 885
1469 731 368 5528
1469 595 314 5528
1469 1303 301 5528
1469 342 285 5528
1470 1038 295 3076
1470 412 155 3076
1471 1001 489 3934
1471 883 338 3934
1471 830 333 3934
1471 229 210 3934
1472 1482 464 151
1472 207 93 151
1472 857 15 151
1472 539 11 151
1473 350 115 531
1473 578 103 531
1473 447 55 531
1474 350 570 1263
1474 578 459 1263
1474 447 234 1263
1475 489 58 332
1475 291 39 332
1475 1273 32 332
1475 1532 30 332
1476 578 905 1771
1476 447 154 1771
1476 966 125 1771
1477 517 13 46
1477 517 13 46
1478 669 1117 225
1478 1008 23 225
1479 456 4589 8306
1479 539 2497 8306
1479 1184 1691 8306
1480 942 476 4007
1480 576 428 4007
1480 579 271 4007
1481 1462 297 1315
1481 735 262 1315
1482 857 483 3164
1483 1409 53 39
1483 1409 20 39
1484 147 1716 1269
1484 933 330 1269
1484 81 246 1269
1484 703 169 1269
1484 945 137 1269
1484 533 79 1269
1484 620 70 1269
1485 28 3111 411
1485 28 411 411
1486 805 1451 1556
1487 1203 5 23
1488 1203 46 10
1488 689 5 10
1489 1479 356 1182
1489 456 209 1182
1489 933 176 1182
1489 703 66 1182
1490 703 6 16
1490 703 5 16
1491 321 121 303
1492 1203 47 484
1492 705 41 484
1492 372 30 484
1493 1543 878 2498
1493 876 415 2498
1493 1123 390 2498
1493 1386 170 2498
1493 313 127 2498
1494 1126 47 241
1494 622 33 241
1494 752 23 241
1494 1492 21 241
1494 753 20 241
1494 1408 19 241
1494 1495 17 241
1494 418 16 241
1495 1318 199 880
1495 1126 166 880
1495 622 144 880
1495 1411 121 880
1496 1411 2530 376
1496 1411 366 376
1497 704 6 18
1497 704 5 18
1498 1085 226 2685
1498 1537 173 2685
1499 728 2476 3125
1499 595 1833 3125
1499 731 649 3125
1500 922 270 1987
1500 77 126 1987
1500 163 121 1987
1501 1314 93 426
1501 894 90 426
1501 689 71 426
1501 693 51 426
1502 1330 1678 9797
1503 1505 71 418
1503 1504 54 418
1503 866 46 418
1503 1303 41 418
1504 866 528 5165
1504 784 456 5165
1505 866 222 1139
1505 1504 124 1139
1505 784 97 1139
1505 1503 71 1139
1505 815 68 1139
1505 1019 65 1139
1505 623 59 1139
1506 460 500 4457
1507 1086 21 96
1507 1294 14 96
1507 480 9 96
1507 1215 9 96
1507 479 9 96
1507 409 6 96
1507 790 5 96
1508 588 106 337
1508 473 94 337
1508 809 83 337
1508 517 83 337
1509 1094 786 802
1509 1095 108 802
1509 794 83 802
1509 779 49 802
1509 1366 43 802
1510 1366 1796 282
1510 1366 282 282
1511 4 2691 412
1511 4 412 412
1512 4 615 5622
1512 693 331 5622
1512 578 292 5622
1513 578 322 526
1513 578 291 526
1513 1228 50 526
1514 1228 53 398
1514 1228 44 398
1514 351 35 398
1514 1145 24 398
1515 368 40 442
1516 1185 448 8494
1517 693 19 28
1518 731 2402 6357
1518 728 1451 6357
1518 891 1123 6357
1519 731 1239 3577
1519 477 1221 3577
1519 476 1178 3577
1519 728 1160 3577
1520 275 316 3736
1521 171 403 2482
1521 1051 136 2482
1522 1516 892 985
1522 101 82 985
1522 692 50 985
1523 866 42 423
1524 31 2537 437
1524 31 437 437
1525 31 2516 412
1525 31 412 412
1526 1527 232 1006
1526 1530 111 1006
1526 787 90 1006
1526 74 79 1006
1526 1529 72 1006
1527 1526 232 1072
1527 74 230 1072
1527 1530 135 1072
1528 175 780 5942
1529 117 849 2306
1529 117 780 2306
1529 1530 157 2306
1530 731 1506 8074
1530 728 1056 8074
1530 172 625 8074
1530 1053 415 8074
1531 275 175 2242
1531 1132 171 2242
1531 34 171 2242
1531 140 166 2242
1531 971 155 2242
1531 971 113 2242
1532 798 398 3835
1532 418 251 3835
1532 1299 223 3835
1533 728 1767 3734
1533 731 509 3734
1534 1533 1749 3499
1534 728 1749 3499
1534 595 1247 3499
1534 731 503 3499
1535 728 1391 1733
1535 595 1049 1733
1535 731 342 1733
1536 3 2861 449
1536 3 449 449
1537 1085 322 2933
1537 1498 173 2933
1537 499 151 2933
1537 1538 149 2933
1537 497 149 2933
1538 1085 246 2206
1538 1537 149 2206
1539 1540 1338 2272
1539 1540 435 2272
1540 1539 1338 3779
1540 1539 1030 3779
1541 1061 5023 8860
1541 1189 4445 8860
1541 49 727 8860
1541 964 580 8860
1542 535 784 3288
1542 866 783 3288
1542 160 710 3288
1542 1185 348 3288
1543 1123 4453 7119
1543 876 1713 7119
1543 1493 878 7119
1543 831 556 7119
1543 181 494 7119
1543 1106 365 7119
1544 1552 353 4117
1545 689 44 99
1546 478 60 230
1546 1433 26 230
1546 606 16 230
1547 578 72 1135
1547 447 66 1135
1548 782 1828 1094
1548 781 166 1094
1549 1437 1176 4796
1549 900 263 4796
1549 438 261 4796
1550 1203 152 539
1550 622 144 539
1550 1456 90 539
1550 1239 66 539
1551 139 57 309
1551 1299 36 309
1551 1193 29 309
1551 1302 22 309
1552 1544 353 1739
1553 368 104 1081
1554 1318 191 113
1554 194 30 113
1554 622 26 113
1554 1126 24 113
1555 515 159 1948
1555 92 126 1948
1555 1201 122 1948
1555 1369 119 1948
1556 1046 1549 6248
1556 240 888 6248
1556 1253 535 6248
1556 689 371 6248
1557 866 78 289
1557 690 23 289
1557 84 17 289
